     1   25.39   85.99
     2   23.98   86.15
     3   21.82   66.34
     4   23.33   82.46
     5   29.44  105.90
     6   31.05  106.00
     7   24.49   82.29
     8   24.07   78.64
     9   21.90   78.04
    10   21.68   65.18
    11   25.87   84.42
    12   26.77   92.59
    13   27.19   96.16
    14   27.59   82.56
    15   25.45   86.63
    16   19.77   69.06
    17   25.71   80.84
    18   24.43   77.23
    19   22.02   71.33
    20   18.82   58.27
    21   26.38   76.10
    22   24.28   69.92
    23   29.67  101.90
    24   26.36   82.00
    25   24.56   74.39
    26   23.48   77.72
    27   23.18   71.51
    28   25.83   91.25
    29   19.86   65.66
    30   21.16   75.29
    31   19.63   65.16
    32   27.32   82.87
    33   25.53   89.87
    34   20.01   62.34
    35   20.42   64.24
    36   22.51   77.50
    37   25.26   87.13
    38   28.31   92.57
    39   19.81   60.66
    40   18.10   55.49
    41   18.30   54.19
    42   28.51   92.27
    43   23.96   77.54
    44   22.75   72.00
    45   18.51   67.45
    46   28.90   93.07
    47   23.00   76.14
    48   26.96   91.14
    49   21.93   66.06
    50   18.84   57.93
    51   23.94   74.79
    52   26.14   76.15
    53   23.06   72.12
    54   21.43   63.87
    55   23.47   70.99
    56   32.64  105.00
    57   27.49   83.57
    58   17.94   57.29
    59   32.12  109.80
    60   22.57   74.44
    61   21.84   72.62
    62   22.49   64.15
    63   21.64   62.48
    64   16.98   54.20
    65   22.32   68.76
    66   24.29   79.26
    67   24.91   75.41
    68   26.97   85.20
    69   20.64   59.07
    70   19.81   62.08
    71   21.09   75.05
    72   21.04   69.66
    73   29.20  100.80
    74   28.58   92.98
    75   24.71   82.77
    76   29.86   92.02
    77   22.37   70.18
    78   21.91   67.29
    79   24.44   75.40
    80   22.60   72.27
    81   22.50   73.94
    82   26.58   80.35
    83   22.46   75.45
    84   27.13   93.28
    85   23.31   73.58
    86   22.51   61.01
    87   20.85   72.50
    88   22.47   67.29
    89   24.42   78.92
    90   24.55   84.12
    91   31.67  116.60
    92   24.66   79.50
    93   26.55   86.33
    94   22.20   70.69
    95   23.09   75.39
    96   26.31   84.01
    97   19.50   55.90
    98   24.14   76.89
    99   23.64   76.10
   100   22.07   66.17
   101   25.91   92.17
   102   25.70   94.71
   103   24.16   87.63
   104   19.60   60.23
   105   22.09   80.47
   106   17.63   53.79
   107   23.60   77.03
   108   22.14   80.68
   109   19.44   59.34
   110   26.61   88.16
   111   26.95   85.65
   112   22.15   69.34
   113   20.61   63.44
   114   22.55   74.50
   115   21.25   70.54
   116   26.61   83.46
   117   30.97   92.11
   118   17.23   49.20
   119   18.40   58.61
   120   27.68   84.13
   121   24.40   84.58
   122   19.91   68.31
   123   21.29   68.85
   124   23.10   76.19
   125   23.45   70.91
   126   25.79   87.28
   127   30.51   99.16
   128   25.75   84.08
   129   23.42   67.98
   130   27.58   89.26
   131   26.78   87.83
   132   22.18   75.77
   133   21.46   68.08
   134   24.30   72.41
   135   25.77   84.94
   136   24.35   85.30
   137   21.26   61.47
   138   25.21   64.36
   139   27.37   96.56
   140   23.39   70.38
   141   30.61  102.20
   142   27.91   93.11
   143   22.14   63.94
   144   28.25   79.64
   145   21.69   72.93
   146   18.96   60.48
   147   25.07   79.65
   148   24.98   86.19
   149   19.09   64.01
   150   18.87   60.50
   151   23.13   73.11
   152   23.36   71.66
   153   29.43   93.17
   154   30.16  103.80
   155   20.95   72.69
   156   29.77  101.60
   157   22.52   72.51
   158   23.00   64.84
   159   21.26   70.32
   160   21.58   64.41
   161   23.99   78.11
   162   23.50   76.55
   163   31.08  104.90
   164   28.68   84.12
   165   24.22   74.55
   166   29.53   96.77
   167   20.11   58.83
   168   20.01   66.32
   169   21.00   67.26
   170   23.98   76.06
   171   23.81   90.54
   172   21.89   70.57
   173   27.53   97.94
   174   29.74   97.38
   175   19.31   59.35
   176   23.39   74.26
   177   25.41   86.54
   178   18.95   63.87
   179   27.18   90.54
   180   21.41   70.53
   181   16.23   51.96
   182   23.13   77.87
   183   27.43   95.89
   184   31.04   96.15
   185   22.52   73.65
   186   27.67   91.72
   187   25.66   87.43
   188   19.47   61.85
   189   18.85   65.56
   190   22.91   74.17
   191   21.31   78.22
   192   23.89   68.78
   193   25.82   78.73
   194   25.45   79.13
   195   29.41   99.47
   196   24.31   84.88
   197   24.43   69.90
   198   21.38   70.62
   199   23.37   72.39
   200   21.86   67.33
   201   18.47   55.79
   202   20.81   61.86
   203   26.78   86.10
   204   23.07   71.41
   205   18.94   55.51
   206   23.73   74.94
   207   27.42   78.73
   208   24.87   80.38
   209   21.83   71.26
   210   32.14  108.30
   211   25.55   74.65
   212   21.08   62.27
   213   24.64   81.20
   214   30.01   96.26
   215   17.95   55.86
   216   19.28   61.00
   217   22.68   66.44
   218   19.96   56.37
   219   22.17   73.40
   220   27.68   81.88
   221   23.72   69.82
   222   29.23  103.40
   223   20.21   59.78
   224   18.68   61.28
   225   23.80   80.48
   226   27.17   81.70
   227   19.82   62.97
   228   22.34   62.00
   229   22.00   72.67
   230   21.73   72.42
   231   25.84   80.20
   232   26.46   78.70
   233   28.72   91.20
   234   24.81   72.99
   235   28.34   92.47
   236   26.28   84.28
   237   18.53   61.05
   238   24.40   72.40
   239   19.16   63.71
   240   27.79   94.86
   241   18.90   54.88
   242   25.32   73.83
   243   23.66   66.06
   244   28.03   96.94
   245   26.58   82.24
   246   23.42   76.65
   247   27.91   89.33
   248   30.75  102.60
   249   23.72   77.88
   250   20.95   67.86
   251   19.80   64.39
   252   16.65   50.20
   253   23.70   76.53
   254   23.55   72.42
   255   24.41   82.17
   256   19.34   59.41
   257   27.50   93.71
   258   20.32   60.02
   259   18.77   62.90
   260   23.23   71.12
   261   19.17   53.67
   262   24.00   72.68
   263   26.63   78.41
   264   23.81   79.81
   265   29.73   81.23
   266   19.36   63.29
   267   17.07   52.90
   268   19.98   59.59
   269   23.54   71.71
   270   21.12   61.66
   271   21.01   63.27
   272   27.82   93.78
   273   25.08   72.71
   274   22.83   67.01
   275   20.10   54.85
   276   26.02   85.17
   277   26.40   85.60
   278   29.10  106.80
   279   23.07   76.21
   280   18.97   58.77
   281   19.71   62.60
   282   24.80   73.41
   283   22.36   74.21
   284   18.63   53.70
   285   22.76   70.47
   286   18.25   59.45
   287   23.50   67.96
   288   21.95   72.68
   289   20.87   64.35
   290   21.92   68.41
   291   25.60   80.40
   292   21.36   60.61
   293   18.27   57.89
   294   26.08   87.57
   295   24.38   87.10
   296   28.96   94.50
   297   23.90   76.85
   298   24.10   68.55
   299   29.88  101.20
   300   27.12   88.18
   301   28.05   95.60
   302   22.21   76.92
   303   29.18   82.21
   304   24.35   75.16
   305   18.37   55.47
   306   24.00   79.90
   307   26.28   87.96
   308   27.63   84.37
   309   21.74   67.89
   310   25.60   71.42
   311   25.84   93.70
   312   26.08   80.33
   313   26.03   83.51
   314   19.57   60.90
   315   25.73   82.12
   316   25.87   76.59
   317   18.26   56.86
   318   22.08   73.77
   319   31.22   99.45
   320   19.27   69.26
   321   19.95   60.05
   322   20.05   63.75
   323   31.29  100.80
   324   28.89  101.00
   325   20.00   64.33
   326   22.46   69.63
   327   23.33   71.20
   328   27.95   89.98
   329   24.12   80.58
   330   20.64   70.30
   331   22.27   74.92
   332   21.00   65.84
   333   19.14   61.39
   334   21.49   69.87
   335   18.99   64.64
   336   25.47   89.34
   337   17.24   58.40
   338   24.61   78.60
   339   22.10   71.46
   340   26.32   81.22
   341   24.31   79.12
   342   23.35   88.06
   343   20.54   64.05
   344   28.02   88.77
   345   22.58   63.91
   346   17.73   51.05
   347   26.44   76.82
   348   24.62   79.01
   349   20.37   65.97
   350   26.64   94.81
   351   26.72   82.83
   352   19.18   53.76
   353   26.38   77.15
   354   25.32   75.91
   355   33.48  115.90
   356   21.46   67.54
   357   20.77   63.19
   358   23.59   78.21
   359   25.78   83.71
   360   21.13   58.63
   361   20.73   70.50
   362   31.30   95.76
   363   25.31   74.73
   364   26.10   75.47
   365   21.84   76.35
   366   20.14   67.77
   367   26.71   77.17
   368   19.10   57.29
   369   30.22   90.22
   370   33.37   97.39
   371   27.03   87.72
   372   19.59   57.60
   373   24.14   84.72
   374   28.34   90.82
   375   22.75   64.49
   376   19.74   69.25
   377   23.11   75.28
   378   23.24   70.67
   379   26.10   91.58
   380   19.72   72.32
   381   25.33   85.85
   382   24.82   76.03
   383   22.46   70.94
   384   23.91   75.46
   385   18.11   54.89
   386   20.15   62.03
   387   26.37   87.18
   388   20.75   61.34
   389   22.69   70.32
   390   26.10   92.87
   391   23.47   80.06
   392   23.72   79.67
   393   26.23   89.36
   394   29.73  108.30
   395   27.83   93.27
   396   19.60   58.57
   397   20.46   62.05
   398   27.09   83.85
   399   29.74   92.39
   400   24.11   65.73
   401   24.34   70.31
   402   24.33   73.41
   403   23.37   66.44
   404   18.92   59.97
   405   22.56   76.83
   406   22.30   64.10
   407   23.49   71.98
   408   22.37   70.00
   409   23.10   65.82
   410   28.21   96.73
   411   16.52   53.15
   412   21.18   63.36
   413   22.41   61.20
   414   25.88   86.53
   415   25.80   79.40
   416   26.61   89.44
   417   17.61   49.66
   418   26.07   75.92
   419   26.11   79.61
   420   28.56  106.80
   421   17.72   58.90
   422   23.33   69.66
   423   24.97   75.18
   424   19.78   58.74
   425   22.50   74.54
   426   22.68   86.87
   427   24.07   80.37
   428   22.39   71.43
   429   21.79   64.99
   430   23.93   79.70
   431   34.55  111.70
   432   29.65   86.74
   433   34.94  112.00
   434   25.05   74.27
   435   20.26   61.25
   436   21.83   69.26
   437   22.15   74.24
   438   19.97   56.05
   439   24.73   70.06
   440   20.26   74.17
   441   24.80   85.20
   442   20.01   61.59
   443   26.23   88.51
   444   22.11   74.54
   445   24.15   81.11
   446   24.73   79.56
   447   26.52   80.96
   448   26.83   88.22
   449   30.12   91.81
   450   23.59   74.59
   451   23.10   74.14
   452   18.00   51.10
   453   20.28   60.26
   454   26.28   86.46
   455   20.56   67.16
   456   20.96   71.31
   457   19.47   65.06
   458   20.19   64.88
   459   28.62   95.46
   460   19.49   56.06
   461   23.38   78.65
   462   23.39   85.60
   463   26.23   85.42
   464   27.94   78.75
   465   21.71   68.08
   466   24.71   74.64
   467   26.10   76.68
   468   22.79   63.79
   469   21.93   75.51
   470   18.61   59.38
   471   21.68   68.80
   472   23.64   73.35
   473   20.48   66.51
   474   23.75   78.14
   475   27.54   88.30
   476   30.61   94.37
   477   29.59  100.20
   478   24.56   69.95
   479   24.13   76.30
   480   28.34   91.77
   481   28.93   92.74
   482   32.84  115.40
   483   21.41   59.36
   484   21.16   69.90
   485   19.76   67.29
   486   24.02   70.89
   487   26.38   86.57
   488   25.11   90.13
   489   22.78   76.99
   490   29.65   94.72
   491   22.90   71.55
   492   20.48   62.78
   493   24.72   74.55
   494   19.36   61.84
   495   22.93   79.31
   496   22.60   78.54
   497   30.35   96.24
   498   19.59   61.71
   499   23.93   76.69
   500   25.07   78.82
   501   21.96   68.02
   502   29.17   96.96
   503   30.34  101.60
   504   19.74   61.96
   505   25.05   80.25
   506   22.53   86.58
   507   18.73   62.45
   508   21.36   60.80
   509   25.23   77.99
   510   23.45   72.82
   511   18.73   53.78
   512   25.72   76.99
   513   22.75   77.34
   514   22.51   78.52
   515   19.59   65.46
   516   24.43   77.32
   517   25.93   83.31
   518   21.32   74.11
   519   21.62   70.54
   520   22.74   76.35
   521   27.33   82.27
   522   27.92   82.76
   523   20.35   61.29
   524   22.53   68.43
   525   25.74   75.88
   526   28.21   94.01
   527   19.93   58.02
   528   25.60   85.68
   529   33.14  112.60
   530   32.32  109.30
   531   21.70   67.42
   532   26.68   82.52
   533   20.84   69.94
   534   27.11   87.22
   535   19.39   63.76
   536   28.36   87.59
   537   24.57   92.59
   538   24.75   84.46
   539   24.98   78.68
   540   20.16   68.77
   541   22.99   74.21
   542   24.73   83.26
   543   33.61  114.60
   544   31.14   89.74
   545   25.62   81.75
   546   32.85  110.30
   547   26.75   78.62
   548   24.74   79.92
   549   19.04   56.19
   550   28.01   89.09
   551   24.82   73.35
   552   24.07   74.38
   553   27.68   96.32
   554   19.34   54.90
   555   25.45   80.25
   556   26.93   97.21
   557   31.13  109.20
   558   30.63   91.59
   559   26.90   88.78
   560   22.22   67.70
   561   21.27   70.91
   562   19.86   54.05
   563   27.83   86.88
   564   24.13   77.96
   565   24.75   81.70
   566   17.71   56.26
   567   23.73   76.52
   568   23.95   70.80
   569   19.64   57.33
   570   22.00   69.69
   571   20.22   58.22
   572   22.18   75.24
   573   20.72   63.28
   574   18.23   60.23
   575   21.95   69.50
   576   28.58   89.15
   577   24.85   81.60
   578   22.81   67.18
   579   23.37   68.37
   580   20.64   60.35
   581   19.91   64.34
   582   22.42   61.03
   583   22.47   74.00
   584   20.13   62.00
   585   23.72   80.29
   586   19.48   64.07
   587   21.50   59.56
   588   24.98   76.84
   589   26.05   68.94
   590   24.55   93.31
   591   24.34   81.01
   592   18.61   61.50
   593   17.68   56.03
   594   25.80   99.26
   595   25.12   75.72
   596   25.11   88.65
   597   26.91   83.10
   598   18.84   59.63
   599   21.46   65.19
   600   28.03   94.59
   601   20.64   62.30
   602   22.85   65.73
   603   22.12   64.61
   604   22.41   68.21
   605   22.35   73.82
   606   23.75   67.64
   607   24.17   91.02
   608   22.09   62.73
   609   22.44   69.25
   610   21.22   65.64
   611   32.64  106.40
   612   29.09   96.14
   613   22.90   76.07
   614   21.79   68.87
   615   25.65   84.99
   616   27.19   83.18
   617   26.75   80.83
   618   23.70   71.52
   619   27.63   88.34
   620   25.20   77.15
   621   29.87   92.59
   622   21.25   79.25
   623   19.85   58.41
   624   20.72   62.38
   625   30.06  102.60
   626   30.40  107.70
   627   26.61   95.11
   628   21.77   65.58
   629   21.32   71.85
   630   27.94   89.03
   631   26.02   79.75
   632   27.95   83.90
   633   18.45   57.21
   634   24.49   78.66
   635   23.41   73.51
   636   19.15   70.16
   637   20.95   59.61
   638   21.28   60.33
   639   23.54   75.91
   640   34.35  115.00
   641   26.05   84.21
   642   23.10   75.99
   643   21.12   68.04
   644   22.68   69.64
   645   28.29   85.95
   646   18.92   56.77
   647   28.98   88.65
   648   26.81   90.78
   649   21.07   57.93
   650   18.34   60.20
   651   24.27   82.89
   652   29.05  105.60
   653   21.14   67.29
   654   24.95   81.35
   655   22.59   67.56
   656   20.97   64.41
   657   22.34   64.75
   658   23.17   79.21
   659   22.40   75.40
   660   22.89   71.08
   661   20.19   75.29
   662   19.37   65.51
   663   21.33   62.69
   664   22.76   73.21
   665   27.11   92.16
   666   22.46   71.63
   667   27.39   88.66
   668   28.26   93.42
   669   30.99  105.20
   670   29.14   97.11
   671   21.29   59.59
   672   26.22   82.35
   673   21.65   67.02
   674   31.41   99.61
   675   26.06   87.23
   676   21.90   69.74
   677   23.63   73.48
   678   24.47   92.73
   679   20.80   73.45
   680   20.11   68.01
   681   28.71   93.15
   682   20.69   60.41
   683   26.93   89.39
   684   25.28   76.11
   685   17.56   49.70
   686   28.24   97.40
   687   28.35   87.65
   688   26.91   93.50
   689   31.71  103.50
   690   29.18   91.84
   691   26.65   80.82
   692   21.39   67.35
   693   25.51   86.90
   694   23.25   77.32
   695   19.06   69.67
   696   26.12   78.55
   697   20.38   64.27
   698   29.26   92.89
   699   20.43   63.65
   700   20.25   58.80
   701   30.01   94.22
   702   26.71   94.01
   703   19.10   56.17
   704   27.12   86.03
   705   27.79   90.45
   706   24.06   73.24
   707   27.95   93.09
   708   26.14   83.82
   709   30.15  101.10
   710   20.49   66.97
   711   27.66   95.23
   712   32.56  111.80
   713   26.20   78.74
   714   22.36   68.41
   715   18.77   71.00
   716   19.82   65.18
   717   19.81   56.18
   718   25.58   79.57
   719   26.89   87.82
   720   20.13   60.86
   721   20.20   66.34
   722   25.25   93.12
   723   22.72   80.65
   724   22.40   71.13
   725   22.03   71.09
   726   21.96   65.33
   727   23.10   75.77
   728   21.19   57.74
   729   28.55   94.78
   730   27.82   89.89
   731   22.57   64.91
   732   21.30   62.88
   733   21.65   66.84
   734   27.89   92.61
   735   27.54   85.02
   736   22.06   71.83
   737   24.66   73.66
   738   17.71   55.18
   739   22.14   76.41
   740   20.33   65.03
   741   24.00   68.11
   742   24.38   74.66
   743   22.92   70.63
   744   20.60   67.78
   745   27.45   97.40
   746   21.32   72.53
   747   25.76   88.78
   748   24.23   80.39
   749   23.42   74.91
   750   21.85   73.57
   751   21.06   65.57
   752   21.11   61.61
   753   20.80   70.28
   754   26.87   81.41
   755   29.09   92.34
   756   19.09   61.10
   757   25.65   85.53
   758   19.99   58.63
   759   31.02   92.85
   760   26.73   90.80
   761   19.38   54.63
   762   18.94   54.17
   763   21.64   69.90
   764   20.44   70.05
   765   21.17   67.34
   766   30.95   99.09
   767   29.98   99.44
   768   21.25   75.39
   769   19.65   65.08
   770   25.77   82.46
   771   28.40   99.37
   772   27.58   79.89
   773   25.30   72.38
   774   25.16   79.41
   775   28.79   94.24
   776   21.58   72.15
   777   21.92   67.55
   778   21.63   66.63
   779   30.83  107.30
   780   23.12   75.10
   781   20.82   65.29
   782   20.60   74.61
   783   20.10   71.43
   784   20.28   70.75
   785   26.62   78.03
   786   20.03   65.61
   787   21.90   70.53
   788   24.19   84.07
   789   25.14   94.23
   790   20.08   70.50
   791   18.42   55.87
   792   17.78   56.25
   793   20.33   64.00
   794   22.21   74.31
   795   23.14   77.39
   796   22.31   79.79
   797   23.90   78.16
   798   22.27   67.69
   799   24.41   82.37
   800   25.47   80.26
   801   26.07   83.50
   802   22.76   76.31
   803   27.34   87.33
   804   22.25   65.00
   805   28.12   94.38
   806   29.83  100.10
   807   30.13   97.80
   808   27.17   77.17
   809   21.41   70.92
   810   21.47   64.34
   811   22.41   70.33
   812   20.15   62.37
   813   23.61   78.57
   814   33.26  105.60
   815   22.59   69.24
   816   24.72   83.96
   817   26.68   88.20
   818   24.07   72.98
   819   25.51   79.80
   820   23.31   70.82
   821   25.92   84.31
   822   28.78   90.74
   823   21.80   67.56
   824   22.02   60.55
   825   25.75   81.05
   826   23.25   71.90
   827   24.37   83.96
   828   19.04   59.02
   829   24.97   84.04
   830   29.51   90.94
   831   22.34   70.15
   832   22.73   75.00
   833   28.08   83.51
   834   20.39   63.17
   835   20.98   65.43
   836   25.33   77.04
   837   20.89   71.45
   838   24.66   76.40
   839   22.06   75.47
   840   25.37   80.75
   841   19.70   60.33
   842   23.62   81.04
   843   25.28   86.02
   844   20.87   64.78
   845   26.77   92.44
   846   28.03   90.93
   847   20.97   59.12
   848   20.35   65.89
   849   23.10   75.74
   850   28.65   81.35
   851   28.71   82.95
   852   19.42   57.63
   853   23.02   76.32
   854   31.26  100.80
   855   27.65   79.67
   856   29.78   96.60
   857   25.81   80.66
   858   20.00   60.06
   859   17.18   58.90
   860   20.60   68.15
   861   26.21   86.02
   862   16.84   48.11
   863   25.90   93.84
   864   25.17   76.15
   865   24.82   85.90
   866   22.95   72.07
   867   22.99   71.85
   868   23.62   76.51
   869   18.09   52.12
   870   24.46   81.12
   871   19.39   59.78
   872   17.43   57.96
   873   18.55   61.53
   874   23.75   80.12
   875   28.34   89.99
   876   25.38   72.76
   877   18.35   60.89
   878   25.54   91.53
   879   23.70   69.97
   880   28.98   91.03
   881   29.57   87.11
   882   22.54   77.61
   883   20.23   63.85
   884   28.37   87.92
   885   23.36   77.80
   886   21.40   76.29
   887   23.23   71.25
   888   23.82   76.98
   889   28.09   88.88
   890   20.10   68.60
   891   26.54   76.66
   892   27.18   86.70
   893   23.90   93.04
   894   31.04  101.10
   895   24.47   83.80
   896   23.01   71.04
   897   22.83   65.25
   898   25.86   84.96
   899   18.65   64.42
   900   29.50   88.60
   901   23.43   77.59
   902   29.92  101.40
   903   27.17   86.19
   904   25.21   79.89
   905   25.72   92.00
   906   18.90   54.24
   907   21.59   71.99
   908   27.23   81.07
   909   22.34   69.33
   910   27.55   92.61
   911   22.17   71.82
   912   24.41   75.75
   913   25.24   88.82
   914   27.84   90.52
   915   22.71   71.98
   916   25.93   76.21
   917   19.04   65.62
   918   21.74   68.51
   919   25.69   83.38
   920   22.93   72.17
   921   27.49   91.81
   922   30.84   96.68
   923   29.52  101.10
   924   25.29   76.79
   925   26.28   82.21
   926   22.51   71.74
   927   20.99   72.06
   928   20.13   63.64
   929   24.23   88.89
   930   26.39   89.35
   931   28.15   87.17
   932   25.46   73.72
   933   29.55   94.50
   934   24.48   88.08
   935   28.42   90.20
   936   25.24   80.24
   937   18.50   60.21
   938   22.80   75.28
   939   19.77   61.99
   940   25.93   76.55
   941   25.64   78.59
   942   21.84   64.66
   943   22.65   73.67
   944   23.89   83.30
   945   19.81   57.74
   946   26.65   82.94
   947   23.18   70.00
   948   22.10   65.93
   949   29.51  103.00
   950   35.43  107.70
   951   19.74   66.20
   952   24.99   85.17
   953   22.24   66.02
   954   28.24   87.97
   955   21.26   61.81
   956   28.76   99.36
   957   18.19   56.01
   958   31.72  105.40
   959   24.17   67.98
   960   30.85   99.88
   961   26.64   89.95
   962   20.26   57.17
   963   22.88   82.38
   964   27.48   80.48
   965   27.54   81.52
   966   22.95   70.44
   967   26.93   84.91
   968   26.54   85.94
   969   28.29   92.75
   970   20.25   62.65
   971   24.14   76.29
   972   22.69   70.92
   973   20.49   61.45
   974   22.80   77.47
   975   17.55   61.01
   976   23.99   75.02
   977   22.30   68.07
   978   28.24   99.55
   979   29.22   98.51
   980   27.62   86.93
   981   32.27   99.55
   982   25.75   86.48
   983   23.99   78.07
   984   32.15  103.20
   985   24.18   73.64
   986   27.77   93.90
   987   27.78   85.58
   988   23.65   81.48
   989   31.30  108.80
   990   27.18   81.77
   991   26.95   88.39
   992   28.71   91.15
   993   27.16   81.94
   994   20.11   61.33
   995   24.30   79.88
   996   23.01   77.78
   997   30.06  103.60
   998   24.57   81.86
   999   23.05   78.01
  1000   34.02  108.30
  1001   23.61   76.47
  1002   20.35   66.33
  1003   19.68   68.00
  1004   25.52   86.67
  1005   23.78   75.55
  1006   30.07   93.34
  1007   21.74   62.44
  1008   22.60   68.93
  1009   28.40   94.28
  1010   22.71   76.69
  1011   21.16   65.94
  1012   26.31   78.03
  1013   35.13  124.90
  1014   29.27   91.91
  1015   25.78   91.21
  1016   21.59   69.34
  1017   24.87   88.06
  1018   25.82   93.13
  1019   23.68   67.33
  1020   22.09   70.87
  1021   23.24   70.77
  1022   25.70   81.69
  1023   28.16   95.79
  1024   25.67   78.91
  1025   23.65   74.84
  1026   27.79   90.22
  1027   23.80   78.09
  1028   24.78   87.51
  1029   24.12   70.09
  1030   22.84   72.81
  1031   25.50   84.81
  1032   19.21   66.36
  1033   24.98   85.01
  1034   25.86   82.08
  1035   22.69   76.69
  1036   19.46   59.14
  1037   23.76   75.77
  1038   23.78   85.72
  1039   25.45   82.02
  1040   25.43   90.38
  1041   25.00   86.47
  1042   25.68   80.38
  1043   21.20   75.18
  1044   22.54   73.42
  1045   25.71   81.20
  1046   25.38   79.87
  1047   21.86   65.46
  1048   29.84   87.16
  1049   18.37   53.68
  1050   27.87   81.19
  1051   27.46   90.85
  1052   30.52  104.30
  1053   30.96  105.80
  1054   21.34   65.93
  1055   19.86   61.07
  1056   18.65   54.28
  1057   29.37   89.26
  1058   22.60   73.33
  1059   22.69   76.16
  1060   25.47   74.32
  1061   23.30   82.46
  1062   28.01   94.66
  1063   24.88   83.93
  1064   22.89   70.47
  1065   34.35  110.40
  1066   20.67   68.30
  1067   22.31   72.23
  1068   17.80   61.82
  1069   18.06   50.90
  1070   23.91   76.04
  1071   23.90   72.47
  1072   23.09   75.34
  1073   20.10   60.50
  1074   20.70   72.16
  1075   20.57   61.89
  1076   21.20   67.32
  1077   23.42   80.67
  1078   30.07   97.26
  1079   26.08   90.26
  1080   21.79   73.20
  1081   27.88   94.37
  1082   21.51   60.84
  1083   26.31   84.63
  1084   21.49   60.49
  1085   25.08   67.86
  1086   30.33   98.75
  1087   20.98   65.82
  1088   26.67   75.15
  1089   19.52   57.17
  1090   26.48   92.41
  1091   19.56   61.75
  1092   18.24   58.00
  1093   21.09   64.39
  1094   21.31   58.74
  1095   22.49   82.53
  1096   23.99   78.84
  1097   21.69   66.36
  1098   20.59   74.31
  1099   21.04   75.18
  1100   21.08   66.51
  1101   17.96   54.70
  1102   33.57  120.00
  1103   27.18   86.34
  1104   21.90   70.84
  1105   18.59   59.05
  1106   25.15   75.04
  1107   22.27   73.52
  1108   24.00   80.87
  1109   18.14   57.94
  1110   27.06   88.40
  1111   23.56   73.33
  1112   26.07   87.64
  1113   20.53   59.29
  1114   25.63   80.69
  1115   26.78   94.02
  1116   20.61   71.25
  1117   26.31   82.90
  1118   28.44   87.94
  1119   22.58   76.64
  1120   32.77  101.30
  1121   25.86   90.94
  1122   27.26   81.99
  1123   22.28   70.88
  1124   20.54   63.51
  1125   24.38   70.34
  1126   22.42   67.42
  1127   29.91   96.77
  1128   26.95   98.86
  1129   18.07   59.78
  1130   22.78   70.16
  1131   21.26   65.47
  1132   19.38   59.24
  1133   18.58   59.42
  1134   20.72   71.58
  1135   24.52   72.01
  1136   27.38  100.10
  1137   25.09   79.02
  1138   29.01   97.51
  1139   20.89   72.15
  1140   28.53   88.36
  1141   20.47   57.91
  1142   29.66   94.30
  1143   25.57   84.83
  1144   31.31  118.10
  1145   26.20   83.34
  1146   24.27   74.28
  1147   23.50   69.53
  1148   23.19   75.93
  1149   26.57   93.07
  1150   21.50   75.57
  1151   20.83   69.96
  1152   22.24   65.64
  1153   21.12   71.48
  1154   25.41   85.41
  1155   27.88   98.65
  1156   24.60   83.89
  1157   22.21   74.84
  1158   27.33   85.82
  1159   25.79   80.17
  1160   28.51   84.92
  1161   21.53   69.05
  1162   24.24   70.13
  1163   27.70   93.60
  1164   20.11   67.31
  1165   26.26   71.18
  1166   28.29   88.20
  1167   20.40   59.07
  1168   20.69   64.31
  1169   25.98   90.21
  1170   23.13   69.21
  1171   21.64   72.09
  1172   24.68   82.89
  1173   25.17   72.56
  1174   24.63   77.68
  1175   21.18   73.62
  1176   28.77   91.53
  1177   32.17  111.90
  1178   27.25   92.45
  1179   27.63   87.45
  1180   22.77   62.12
  1181   28.34   91.39
  1182   26.94   81.01
  1183   22.74   83.16
  1184   24.42   87.73
  1185   23.83   78.03
  1186   24.33   78.79
  1187   26.98   88.98
  1188   24.07   72.36
  1189   21.24   69.48
  1190   25.53   82.69
  1191   27.01   84.43
  1192   18.19   58.09
  1193   25.91   86.06
  1194   22.20   74.17
  1195   21.62   66.45
  1196   27.28   76.62
  1197   29.81   92.76
  1198   27.91   85.83
  1199   26.01   89.52
  1200   16.29   54.81
  1201   18.05   58.01
  1202   26.67   74.90
  1203   21.27   69.81
  1204   23.00   73.93
  1205   21.34   70.36
  1206   23.52   68.63
  1207   29.17   99.20
  1208   22.38   85.08
  1209   25.90   87.77
  1210   21.69   67.94
  1211   31.86  100.40
  1212   25.49   81.46
  1213   25.89   81.82
  1214   27.39   93.08
  1215   25.82   78.84
  1216   21.14   74.70
  1217   25.52   80.80
  1218   30.83  106.90
  1219   21.70   69.92
  1220   21.24   66.91
  1221   23.16   64.11
  1222   27.67   92.79
  1223   23.70   69.46
  1224   26.83   82.58
  1225   25.04   81.27
  1226   22.17   73.21
  1227   29.22   89.83
  1228   30.12   96.15
  1229   25.13   71.02
  1230   25.61   80.62
  1231   26.42   83.90
  1232   18.63   55.46
  1233   23.01   73.52
  1234   24.38   80.67
  1235   26.73   86.76
  1236   22.48   63.31
  1237   20.04   68.32
  1238   28.31   94.63
  1239   23.71   83.51
  1240   21.51   64.97
  1241   18.43   59.95
  1242   26.47   92.92
  1243   21.76   68.28
  1244   21.21   67.17
  1245   21.94   73.28
  1246   20.41   61.24
  1247   25.49   70.62
  1248   27.25   89.17
  1249   24.74   85.23
  1250   18.66   57.59
  1251   19.61   64.00
  1252   24.76   75.98
  1253   26.92   75.74
  1254   24.76   84.64
  1255   22.06   68.72
  1256   19.14   58.21
  1257   21.20   66.04
  1258   24.25   79.69
  1259   18.02   57.53
  1260   24.39   77.79
  1261   24.58   81.19
  1262   26.16   84.92
  1263   26.59   82.95
  1264   20.81   62.79
  1265   20.15   64.69
  1266   29.52   88.71
  1267   20.77   72.52
  1268   21.19   70.05
  1269   24.28   79.95
  1270   21.61   72.26
  1271   26.49   77.30
  1272   24.26   78.38
  1273   23.22   79.35
  1274   19.15   66.36
  1275   19.52   59.21
  1276   32.87  103.50
  1277   19.91   65.34
  1278   24.28   74.95
  1279   23.36   82.14
  1280   22.48   82.21
  1281   23.05   69.63
  1282   29.12   94.16
  1283   17.26   56.09
  1284   33.78  112.10
  1285   17.71   54.56
  1286   30.65   88.08
  1287   35.06  114.50
  1288   24.05   80.31
  1289   23.96   76.76
  1290   26.67   89.99
  1291   21.02   68.04
  1292   21.51   62.34
  1293   28.25   87.32
  1294   27.53   93.85
  1295   30.52   91.67
  1296   19.23   56.15
  1297   25.07   80.59
  1298   30.20  103.20
  1299   24.69   77.41
  1300   25.63   83.87
  1301   31.76  108.20
  1302   22.32   69.64
  1303   27.23   89.18
  1304   23.83   73.89
  1305   20.88   69.29
  1306   24.06   80.54
  1307   21.57   73.96
  1308   32.50  100.60
  1309   29.60   98.20
  1310   20.29   69.20
  1311   23.49   82.60
  1312   20.59   69.12
  1313   22.25   70.37
  1314   20.28   65.68
  1315   27.08   80.85
  1316   21.99   73.68
  1317   26.94   92.91
  1318   22.75   72.56
  1319   20.68   57.73
  1320   23.29   69.21
  1321   26.36   87.08
  1322   22.86   81.69
  1323   30.20   89.82
  1324   22.40   66.27
  1325   17.35   53.18
  1326   22.43   70.63
  1327   24.79   80.48
  1328   22.62   64.44
  1329   25.92   73.48
  1330   22.47   73.75
  1331   28.87   87.39
  1332   20.63   63.63
  1333   29.31   88.34
  1334   24.00   75.33
  1335   31.30  107.90
  1336   22.49   66.48
  1337   27.43   90.75
  1338   22.82   64.43
  1339   25.15   80.96
  1340   25.61   78.44
  1341   28.27   94.26
  1342   21.75   79.20
  1343   21.37   61.22
  1344   29.28   98.22
  1345   17.28   52.37
  1346   29.65   95.01
  1347   25.22   71.73
  1348   20.86   67.60
  1349   24.26   68.84
  1350   21.98   80.23
  1351   22.56   68.48
  1352   20.11   58.66
  1353   28.34   92.66
  1354   24.97   83.60
  1355   25.97   87.22
  1356   20.59   67.59
  1357   32.21  105.70
  1358   25.12   72.27
  1359   22.77   77.84
  1360   20.42   74.92
  1361   26.49   81.30
  1362   21.06   60.67
  1363   19.75   63.69
  1364   29.63  103.90
  1365   22.93   70.36
  1366   24.80   76.58
  1367   28.21   91.42
  1368   22.94   76.74
  1369   19.05   62.23
  1370   25.81   83.23
  1371   23.61   78.35
  1372   21.42   66.97
  1373   19.03   64.09
  1374   27.99   94.06
  1375   22.44   69.58
  1376   21.52   62.05
  1377   25.95   86.76
  1378   26.68   94.36
  1379   24.27   78.44
  1380   16.51   53.25
  1381   27.93  101.10
  1382   21.36   70.07
  1383   23.33   69.84
  1384   25.13   77.28
  1385   19.25   61.11
  1386   23.63   75.24
  1387   25.51   83.72
  1388   27.33   88.27
  1389   27.63   87.81
  1390   22.40   65.90
  1391   22.14   69.23
  1392   22.20   73.59
  1393   21.76   63.97
  1394   28.76   86.48
  1395   24.21   77.28
  1396   27.85   96.30
  1397   20.74   72.12
  1398   23.64   73.58
  1399   24.15   82.73
  1400   25.97   88.30
  1401   20.50   59.13
  1402   25.63   82.75
  1403   22.60   76.30
  1404   22.33   76.28
  1405   26.63   88.62
  1406   23.07   74.20
  1407   22.28   68.39
  1408   17.91   49.79
  1409   20.97   60.38
  1410   24.11   64.49
  1411   26.44   80.55
  1412   21.62   71.82
  1413   24.69   80.40
  1414   24.12   69.46
  1415   29.52   92.89
  1416   24.65   72.13
  1417   24.69   81.81
  1418   24.36   74.47
  1419   23.18   77.58
  1420   23.07   73.63
  1421   22.53   64.32
  1422   28.63   90.33
  1423   24.73   82.01
  1424   25.16   83.96
  1425   18.56   59.55
  1426   23.15   75.63
  1427   32.98  107.70
  1428   20.88   67.90
  1429   25.57   91.26
  1430   19.33   66.18
  1431   25.62   84.67
  1432   28.05   85.99
  1433   25.94   75.03
  1434   20.67   74.24
  1435   23.93   83.61
  1436   20.63   58.73
  1437   29.90   95.05
  1438   23.71   66.30
  1439   26.77   82.64
  1440   26.46   87.38
  1441   25.34   82.55
  1442   21.63   73.13
  1443   20.20   63.96
  1444   22.62   76.58
  1445   22.12   73.12
  1446   35.05  116.60
  1447   25.55   88.59
  1448   25.71   86.53
  1449   28.18   91.68
  1450   21.53   63.93
  1451   23.57   71.50
  1452   24.59   71.14
  1453   27.02   85.85
  1454   19.12   61.36
  1455   20.70   70.64
  1456   22.95   75.02
  1457   24.41   71.16
  1458   23.66   72.61
  1459   24.99   84.63
  1460   19.49   61.93
  1461   20.43   60.44
  1462   28.07   90.10
  1463   21.91   72.78
  1464   18.38   57.48
  1465   19.59   66.26
  1466   23.34   67.29
  1467   21.80   71.15
  1468   23.60   74.81
  1469   30.21   97.23
  1470   18.57   55.94
  1471   27.29   90.89
  1472   21.07   66.89
  1473   27.37   86.20
  1474   22.79   79.80
  1475   22.34   72.95
  1476   26.27   83.31
  1477   19.97   75.18
  1478   24.02   70.88
  1479   19.13   61.21
  1480   20.61   63.10
  1481   23.12   71.25
  1482   22.70   79.52
  1483   23.36   80.22
  1484   22.63   81.01
  1485   21.60   78.76
  1486   20.61   75.33
  1487   24.32   76.28
  1488   24.50   84.76
  1489   25.04   80.90
  1490   19.66   54.82
  1491   31.64   95.98
  1492   18.09   56.80
  1493   25.01   77.47
  1494   22.38   76.76
  1495   22.73   71.75
  1496   25.29   80.56
  1497   23.54   77.84
  1498   22.79   72.72
  1499   23.98   72.31
  1500   19.02   60.14
  1501   26.75   87.65
  1502   24.35   74.20
  1503   22.11   70.38
  1504   28.40   92.81
  1505   25.81   83.06
  1506   19.34   59.36
  1507   21.79   64.28
  1508   23.38   67.05
  1509   20.12   61.30
  1510   25.28   89.10
  1511   25.46   80.93
  1512   27.25  100.50
  1513   27.08   93.38
  1514   29.40   98.19
  1515   18.71   59.92
  1516   29.77   95.44
  1517   20.70   63.85
  1518   27.67   93.40
  1519   19.90   62.11
  1520   17.72   55.42
  1521   20.90   72.72
  1522   26.45   95.31
  1523   23.08   73.32
  1524   18.13   63.58
  1525   22.50   74.93
  1526   16.75   55.03
  1527   24.90   73.55
  1528   27.73   89.81
  1529   20.66   61.16
  1530   18.22   60.01
  1531   20.50   60.86
  1532   20.87   58.29
  1533   23.40   68.67
  1534   28.72   89.65
  1535   18.02   55.36
  1536   22.22   70.54
  1537   28.34   99.11
  1538   26.04   77.72
  1539   24.55   88.60
  1540   25.27   75.42
  1541   22.75   72.91
  1542   25.25   74.87
  1543   17.25   55.75
  1544   18.34   59.60
  1545   25.53   78.39
  1546   23.30   71.48
  1547   20.77   57.79
  1548   22.58   69.50
  1549   24.00   76.24
  1550   20.43   63.56
  1551   27.36   75.97
  1552   23.76   68.15
  1553   27.04   91.74
  1554   25.66   70.87
  1555   21.72   72.51
  1556   24.89   88.89
  1557   22.55   70.96
  1558   21.33   60.99
  1559   22.27   80.35
  1560   22.45   76.55
  1561   25.40   76.97
  1562   21.85   73.32
  1563   23.61   80.99
  1564   23.24   75.13
  1565   30.10   95.75
  1566   25.76   75.25
  1567   24.04   78.12
  1568   26.03   92.18
  1569   26.59   90.73
  1570   23.92   78.46
  1571   21.47   73.29
  1572   28.69   95.20
  1573   23.03   71.53
  1574   27.24   75.70
  1575   26.00   94.64
  1576   28.43   93.46
  1577   26.17   90.39
  1578   23.00   75.28
  1579   27.41   92.02
  1580   27.29   80.83
  1581   20.84   68.07
  1582   25.81   79.23
  1583   21.38   66.23
  1584   21.32   67.33
  1585   24.88   76.36
  1586   25.79   79.02
  1587   31.13  106.60
  1588   19.27   58.01
  1589   23.38   79.10
  1590   28.61   91.95
  1591   22.31   66.14
  1592   20.34   63.07
  1593   21.76   70.90
  1594   20.46   60.80
  1595   18.48   56.20
  1596   24.05   70.72
  1597   22.28   64.06
  1598   26.92   87.57
  1599   24.85   73.52
  1600   17.83   57.30
  1601   19.57   67.27
  1602   26.63   83.53
  1603   27.77   88.98
  1604   22.49   72.67
  1605   21.83   75.62
  1606   29.18   92.90
  1607   29.45  104.40
  1608   19.32   63.75
  1609   28.83   94.72
  1610   21.93   69.56
  1611   24.68   69.91
  1612   22.89   77.37
  1613   28.07   78.68
  1614   24.38   73.78
  1615   23.47   84.61
  1616   20.85   60.67
  1617   29.95  102.40
  1618   31.03   93.70
  1619   24.74   86.83
  1620   18.36   58.29
  1621   26.17   87.18
  1622   19.54   65.10
  1623   23.55   80.72
  1624   22.68   76.70
  1625   25.42   84.33
  1626   22.91   72.99
  1627   26.41   77.16
  1628   26.99   87.40
  1629   27.08   81.56
  1630   29.88  102.00
  1631   18.70   59.83
  1632   18.47   55.89
  1633   25.65   82.60
  1634   27.20   83.28
  1635   23.59   76.18
  1636   28.83   96.55
  1637   25.74   84.62
  1638   22.33   64.80
  1639   22.14   69.09
  1640   28.63   95.84
  1641   18.30   66.32
  1642   26.96   91.77
  1643   22.29   72.43
  1644   22.70   84.50
  1645   21.63   68.80
  1646   20.93   73.66
  1647   24.76   86.88
  1648   21.96   66.13
  1649   22.77   66.23
  1650   21.32   66.89
  1651   23.15   71.90
  1652   23.36   81.73
  1653   20.79   62.75
  1654   24.15   71.59
  1655   19.94   61.04
  1656   24.16   75.38
  1657   21.99   64.48
  1658   26.86   80.49
  1659   19.39   68.68
  1660   22.81   80.41
  1661   27.10   84.81
  1662   29.85   97.96
  1663   29.64   94.06
  1664   22.24   73.04
  1665   21.18   63.12
  1666   26.00   83.27
  1667   20.82   65.95
  1668   22.53   79.11
  1669   18.97   54.98
  1670   24.81   68.56
  1671   26.00   88.26
  1672   26.78   88.43
  1673   20.93   63.83
  1674   18.57   52.85
  1675   26.91   86.82
  1676   30.46   95.03
  1677   23.97   87.04
  1678   18.98   57.20
  1679   20.55   72.28
  1680   16.49   57.25
  1681   29.46   93.14
  1682   28.06   83.50
  1683   21.32   71.16
  1684   21.78   63.59
  1685   21.43   65.59
  1686   27.53   88.61
  1687   25.23   72.64
  1688   23.40   71.84
  1689   30.56  109.00
  1690   24.18   82.39
  1691   27.70   90.23
  1692   23.53   77.00
  1693   27.07   87.34
  1694   22.05   65.62
  1695   30.62  101.90
  1696   27.94   96.63
  1697   22.95   74.59
  1698   23.63   74.14
  1699   24.57   80.88
  1700   26.19   76.21
  1701   21.01   68.58
  1702   30.82  106.80
  1703   25.55   87.70
  1704   22.31   72.72
  1705   24.36   69.98
  1706   25.19   74.58
  1707   20.16   61.77
  1708   21.32   61.21
  1709   24.56   76.99
  1710   20.48   61.02
  1711   27.11   85.04
  1712   22.01   65.14
  1713   27.42   80.34
  1714   19.29   62.21
  1715   27.38   83.14
  1716   21.37   62.21
  1717   24.38   86.08
  1718   22.50   67.80
  1719   24.29   84.98
  1720   22.93   65.77
  1721   22.60   64.97
  1722   18.43   61.01
  1723   27.90   95.47
  1724   21.75   72.70
  1725   20.46   66.74
  1726   21.76   75.00
  1727   20.80   63.64
  1728   23.18   77.40
  1729   20.73   66.56
  1730   21.30   60.98
  1731   27.81   81.95
  1732   26.20   82.59
  1733   25.60   77.86
  1734   27.33   98.71
  1735   29.66   85.74
  1736   23.90   71.59
  1737   18.44   57.28
  1738   21.05   72.17
  1739   24.57   78.48
  1740   26.82   80.51
  1741   25.52   78.64
  1742   23.88   82.51
  1743   25.02   67.11
  1744   20.69   71.50
  1745   24.43   73.35
  1746   26.67   83.81
  1747   22.45   73.99
  1748   25.45   90.16
  1749   29.50   91.76
  1750   27.69   87.05
  1751   22.42   71.50
  1752   33.35  106.40
  1753   22.67   63.98
  1754   23.22   77.80
  1755   21.30   60.10
  1756   22.48   65.10
  1757   27.52   97.35
  1758   24.40   85.87
  1759   20.04   54.27
  1760   20.88   66.12
  1761   22.75   72.68
  1762   30.65   95.87
  1763   24.50   88.11
  1764   19.60   59.61
  1765   21.74   81.86
  1766   19.04   59.83
  1767   19.80   61.28
  1768   20.24   62.26
  1769   25.36   87.69
  1770   24.25   71.05
  1771   27.69   86.77
  1772   23.87   77.27
  1773   24.52   75.79
  1774   21.48   65.77
  1775   22.49   77.83
  1776   26.24   78.28
  1777   21.77   68.73
  1778   22.00   71.56
  1779   23.32   72.93
  1780   22.28   77.20
  1781   25.08   87.30
  1782   25.78   80.07
  1783   30.34   97.83
  1784   19.40   58.79
  1785   21.11   61.52
  1786   24.68   85.76
  1787   19.98   67.37
  1788   30.17   97.55
  1789   16.73   60.88
  1790   22.17   68.19
  1791   26.83   79.42
  1792   21.51   67.26
  1793   21.07   72.96
  1794   22.36   73.45
  1795   19.03   60.02
  1796   23.07   72.65
  1797   25.22   76.13
  1798   18.87   58.70
  1799   22.24   70.03
  1800   22.35   63.89
  1801   29.31   81.15
  1802   26.23   77.95
  1803   24.42   83.94
  1804   23.03   79.37
  1805   23.84   70.92
  1806   22.63   81.29
  1807   27.73   77.47
  1808   18.88   61.26
  1809   30.24   88.68
  1810   22.24   75.68
  1811   29.47   90.67
  1812   23.06   66.35
  1813   18.26   56.33
  1814   23.05   79.58
  1815   27.26   91.68
  1816   23.85   81.87
  1817   18.02   58.77
  1818   21.79   67.26
  1819   20.64   72.88
  1820   30.39  104.60
  1821   25.58   86.73
  1822   24.45   84.23
  1823   21.31   71.11
  1824   21.69   70.13
  1825   19.27   68.85
  1826   19.34   59.08
  1827   24.17   73.00
  1828   24.65   81.31
  1829   27.30   96.80
  1830   20.71   60.09
  1831   23.47   79.00
  1832   19.89   57.82
  1833   27.67   80.14
  1834   28.58   94.13
  1835   28.77   98.72
  1836   27.09   81.02
  1837   27.24   88.31
  1838   24.28   76.70
  1839   25.27   89.45
  1840   29.22   90.86
  1841   24.86   78.01
  1842   23.79   68.31
  1843   28.26   84.18
  1844   24.36   71.66
  1845   30.88   98.02
  1846   25.64   91.53
  1847   22.08   68.56
  1848   23.42   66.47
  1849   30.38   92.34
  1850   18.53   51.00
  1851   29.48   99.86
  1852   27.85   90.15
  1853   24.19   84.42
  1854   26.85   84.02
  1855   22.57   77.82
  1856   21.28   63.45
  1857   18.91   58.81
  1858   29.85  108.00
  1859   18.05   53.52
  1860   23.59   74.78
  1861   22.04   60.85
  1862   23.53   69.89
  1863   28.41   92.55
  1864   16.08   48.11
  1865   20.95   65.98
  1866   18.62   60.98
  1867   24.15   69.60
  1868   25.00   76.97
  1869   24.46   78.74
  1870   23.57   78.36
  1871   21.68   67.26
  1872   24.50   75.96
  1873   19.78   62.59
  1874   23.65   70.85
  1875   30.76   94.97
  1876   22.27   65.23
  1877   25.87   80.61
  1878   29.87   95.67
  1879   35.58  124.20
  1880   22.14   69.31
  1881   25.70   77.36
  1882   16.86   47.07
  1883   21.12   65.78
  1884   19.62   59.61
  1885   22.32   76.80
  1886   22.82   75.53
  1887   23.10   76.19
  1888   30.08   99.25
  1889   22.57   70.54
  1890   21.13   67.78
  1891   24.60   79.59
  1892   23.08   70.57
  1893   26.75   84.23
  1894   20.75   58.89
  1895   28.34   98.26
  1896   25.95   74.76
  1897   25.08   72.24
  1898   21.16   67.37
  1899   22.20   64.64
  1900   22.82   65.50
  1901   19.56   62.75
  1902   23.54   80.32
  1903   23.82   82.07
  1904   26.12   82.74
  1905   21.56   66.07
  1906   29.33   92.99
  1907   29.36   95.98
  1908   31.94  104.40
  1909   25.66   78.10
  1910   18.54   54.44
  1911   25.97   86.85
  1912   22.94   68.50
  1913   31.20  107.80
  1914   22.71   76.52
  1915   22.97   65.47
  1916   31.10  103.80
  1917   28.72   86.62
  1918   18.58   66.25
  1919   26.65   83.88
  1920   30.04   95.52
  1921   24.09   77.57
  1922   21.05   77.29
  1923   17.53   52.18
  1924   21.28   63.07
  1925   27.80   83.15
  1926   22.68   78.17
  1927   25.08   73.73
  1928   34.10  117.10
  1929   24.48   76.45
  1930   25.02   89.29
  1931   30.20  103.80
  1932   25.93   71.21
  1933   24.22   74.04
  1934   30.17   94.33
  1935   28.98  101.80
  1936   23.67   73.29
  1937   24.72   68.13
  1938   19.14   55.02
  1939   27.14   97.53
  1940   24.38   87.22
  1941   20.71   64.86
  1942   20.26   64.90
  1943   28.50   92.34
  1944   29.04   89.18
  1945   23.84   76.21
  1946   25.88   80.00
  1947   17.77   52.25
  1948   22.33   62.00
  1949   23.78   79.19
  1950   22.59   71.95
  1951   21.92   72.19
  1952   27.15   96.36
  1953   24.22   78.56
  1954   22.13   65.48
  1955   26.21   78.41
  1956   19.90   58.92
  1957   20.51   68.45
  1958   27.80   87.31
  1959   22.10   74.45
  1960   25.27   91.57
  1961   28.44   89.67
  1962   22.68   66.95
  1963   24.90   82.52
  1964   21.14   68.24
  1965   25.09   77.52
  1966   28.97  104.80
  1967   27.02   79.24
  1968   16.15   46.46
  1969   30.10  100.80
  1970   26.23   83.95
  1971   21.77   63.74
  1972   24.33   74.46
  1973   31.34  112.30
  1974   26.27   84.55
  1975   19.74   60.19
  1976   24.86   76.07
  1977   23.87   75.99
  1978   28.30  103.80
  1979   24.90   71.67
  1980   20.84   68.39
  1981   25.69   85.13
  1982   23.35   70.71
  1983   23.40   76.14
  1984   32.89  111.60
  1985   28.62   96.20
  1986   26.39   86.31
  1987   16.77   52.31
  1988   20.83   71.18
  1989   20.45   68.38
  1990   22.76   76.75
  1991   24.74   69.37
  1992   22.82   70.48
  1993   25.74   79.67
  1994   26.62   78.84
  1995   28.37   91.84
  1996   27.01   90.95
  1997   22.70   69.19
  1998   24.87   77.61
  1999   23.02   71.37
  2000   26.88   92.04
