 Sun Oct 20 07:03:42 2024
        MODEL     FREQUENCY
           1           1
           6           2
           8           2
           9           1
          12           2
          13           2
          16           1
          19           2
          20           1
          22           1
          26           1
          29           1
          30           1
          31           1
          34           1
          38           2
          39           1
          40           1
          41           1
          42           1
          43           1
          46           2
          47           2
          53           1
          54           1
          55           1
          58           1
          59           1
          64           1
          65           1
          68           1
          73           2
          75           1
          77           1
          83           1
          84           1
          89           1
          90           2
          92           1
          93           2
         102           1
         103           1
         108           1
         112           1
         113           1
         116           1
         119           1
         121           1
         128           1
         129           1
         131           2
         132           1
         133           1
         135           2
         141           1
         142           1
         145           1
         146           2
         147           1
         148           3
         150           1
         151           1
         152           1
         153           3
         156           1
         160           1
         163           2
         168           1
         170           1
         171           1
         177           2
         184           1
         186           1
         189           1
         194           1
         195           1
         196           1
         202           1
         203           1
         205           2
         208           1
         214           3
         215           2
         219           2
         222           2
         227           1
         229           1
         234           1
         236           3
         241           1
         244           1
         246           2
         248           1
         250           1
         253           1
         255           1
         256           2
         258           1
         259           3
         260           1
         267           1
         268           1
         269           2
         273           1
         276           1
         277           1
         280           1
         281           1
         283           1
         288           1
         291           1
         294           1
         295           1
         299           1
         302           1
         304           1
         305           3
         307           2
         311           1
         313           2
         319           2
         320           1
         323           1
         324           3
         328           1
         330           1
         333           1
         335           1
         336           1
         338           1
         339           1
         340           1
         341           2
         342           1
         343           1
         344           1
         348           2
         349           1
         350           1
         351           2
         356           1
         359           1
         361           1
         366           1
         369           1
         372           1
         373           2
         374           2
         378           2
         379           1
         380           2
         381           1
         387           2
         389           1
         391           1
         399           2
         404           1
         408           1
         413           1
         414           1
         415           2
         417           1
         418           1
         419           1
         420           1
         421           1
         425           2
         426           1
         427           1
         428           1
         429           1
         430           2
         432           2
         436           1
         438           1
         439           1
         440           1
         442           1
         445           2
         447           1
         449           1
         453           1
         454           1
         455           1
         456           1
         458           1
         459           3
         461           1
         463           2
         465           1
         466           1
         475           1
         477           1
         484           1
         485           1
         487           1
         488           1
         490           3
         492           1
         495           1
         500           1
         512           1
         513           2
         515           1
         516           1
         519           1
         521           1
         528           1
         530           1
         533           2
         537           1
         538           2
         539           1
         557           1
         561           1
         562           1
         563           2
         564           1
         566           2
         567           1
         570           1
         572           1
         574           2
         585           1
         588           1
         593           3
         597           1
         598           1
         599           1
         606           1
         607           1
         609           1
         617           1
         619           2
         622           1
         624           1
         625           3
         630           1
         634           1
         638           1
         641           1
         642           1
         645           1
         647           2
         648           2
         649           1
         650           2
         652           1
         653           1
         655           1
         657           1
         659           1
         661           2
         662           1
         664           1
         666           2
         667           2
         673           1
         674           1
         675           2
         681           1
         686           2
         687           2
         692           1
         697           1
         699           1
         701           2
         702           1
         704           2
         711           1
         715           2
         716           1
         719           1
         722           1
         726           1
         730           1
         733           1
         735           1
         740           1
         745           4
         747           1
         750           3
         751           1
         756           1
         757           1
         759           1
         762           1
         764           1
         767           1
         775           1
         776           2
         779           2
         784           2
         785           1
         788           2
         789           3
         790           1
         792           1
         796           1
         798           1
         801           1
         805           1
         807           1
         813           1
         815           2
         816           1
         823           1
         824           1
         829           1
         830           3
         834           2
         841           1
         845           2
         853           1
         856           1
         862           1
         865           2
         872           2
         875           3
         877           1
         878           3
         880           1
         881           1
         885           2
         886           1
         887           2
         888           2
         890           2
         894           1
         901           1
         902           1
         903           2
         905           1
         909           1
         912           1
         914           2
         915           1
         919           3
         921           2
         925           3
         926           1
         929           2
         930           1
         931           2
         933           1
         934           1
         936           1
         937           1
         938           2
         939           1
         940           1
         944           1
         949           1
         954           1
         959           1
         961           1
         964           1
         965           2
         966           2
         973           1
         978           2
         987           1
         988           1
         990           1
         991           2
         995           1
         997           2
        1003           1
        1004           1
        1005           2
        1007           1
        1009           1
        1014           1
        1015           1
        1016           2
        1017           2
        1020           1
        1025           1
        1028           1
        1031           1
        1033           1
        1035           1
        1036           2
        1037           1
        1042           2
        1043           2
        1045           1
        1047           1
        1053           1
        1055           1
        1061           2
        1062           1
        1063           1
        1066           1
        1068           1
        1076           1
        1078           1
        1079           1
        1080           1
        1086           1
        1095           2
        1096           2
        1097           1
        1098           1
        1099           1
        1100           1
        1101           1
        1107           1
        1108           1
        1109           1
        1110           1
        1114           2
        1116           1
        1122           2
        1127           1
        1128           1
        1130           1
        1131           1
        1133           1
        1134           2
        1136           1
        1137           1
        1140           1
        1144           1
        1146           1
        1148           1
        1153           1
        1154           1
        1158           2
        1160           3
        1163           3
        1164           1
        1166           4
        1167           1
        1169           2
        1176           1
        1182           1
        1184           1
        1186           1
        1188           1
        1190           1
        1193           2
        1194           1
        1199           1
        1205           3
        1207           1
        1208           1
        1210           2
        1219           1
        1223           2
        1229           1
        1230           1
        1231           1
        1232           1
        1234           1
        1235           2
        1237           1
        1239           1
        1246           1
        1248           1
        1249           1
        1250           1
        1256           1
        1257           2
        1260           1
        1263           1
        1264           1
        1265           1
        1268           1
        1273           1
        1274           4
        1279           1
        1285           1
        1286           1
        1289           1
        1290           1
        1292           1
        1293           2
        1294           1
        1295           1
        1297           1
        1298           1
        1299           2
        1300           4
        1302           1
        1303           1
        1305           1
        1307           1
        1310           1
        1311           4
        1315           1
        1317           2
        1318           1
        1321           1
        1322           1
        1323           1
        1324           1
        1330           2
        1333           2
        1334           1
        1338           1
        1339           2
        1341           1
        1343           1
        1344           1
        1354           3
        1355           2
        1356           1
        1360           1
        1364           1
        1370           3
        1372           1
        1377           1
        1378           1
        1382           1
        1385           1
        1393           1
        1394           1
        1400           2
        1401           1
        1409           1
        1412           2
        1414           1
        1418           3
        1419           2
        1425           1
        1428           1
        1430           2
        1431           1
        1432           2
        1433           1
        1434           1
        1435           2
        1437           1
        1445           2
        1447           1
        1449           1
        1451           1
        1453           3
        1456           1
        1457           2
        1466           2
        1468           1
        1479           2
        1489           1
        1491           1
        1493           1
        1496           1
        1498           1
        1501           1
        1506           1
        1510           1
        1513           2
        1516           1
        1517           1
        1522           1
        1525           1
        1526           1
        1528           1
        1529           1
        1532           1
        1540           1
        1542           1
        1544           2
        1546           1
        1548           1
        1549           1
        1550           2
        1552           1
        1554           1
        1557           1
        1559           1
        1561           1
        1562           1
        1565           3
        1568           1
        1569           1
        1576           1
        1578           2
        1579           4
        1581           1
        1583           3
        1585           1
        1586           2
        1588           1
        1590           1
        1593           1
        1595           2
        1600           2
        1602           1
        1603           1
        1606           2
        1607           1
        1608           1
        1612           1
        1615           1
        1618           1
        1627           1
        1630           1
        1631           1
        1634           2
        1636           1
        1639           1
        1640           1
        1646           1
        1651           2
        1659           1
        1660           1
        1666           1
        1670           1
        1671           1
        1672           1
        1675           1
        1677           1
        1686           1
        1690           1
        1691           2
        1693           1
        1699           1
        1701           1
        1702           2
        1704           2
        1706           1
        1710           1
        1717           2
        1719           1
        1721           1
        1723           1
        1724           2
        1725           1
        1726           1
        1727           2
        1729           2
        1732           1
        1734           2
        1735           1
        1741           1
        1743           1
        1748           1
        1757           3
        1761           1
        1763           2
        1764           1
        1766           1
        1767           1
        1768           1
        1769           1
        1771           5
        1772           3
        1779           1
        1781           1
        1782           1
        1784           1
        1788           1
        1789           1
        1792           1
        1793           2
        1795           3
        1798           2
        1801           1
        1803           1
        1804           1
        1805           1
        1806           1
        1809           1
        1811           2
        1815           1
        1817           1
        1819           2
        1821           1
        1823           2
        1834           1
        1839           1
        1840           1
        1841           2
        1844           1
        1847           1
        1848           1
        1852           3
        1856           1
        1857           2
        1863           1
        1865           2
        1869           2
        1870           2
        1873           2
        1874           2
        1878           1
        1880           1
        1883           1
        1884           2
        1887           2
        1888           1
        1892           1
        1893           1
        1895           2
        1900           1
        1901           1
        1902           1
        1903           1
        1906           1
        1907           2
        1909           1
        1911           2
        1912           2
        1915           3
        1917           1
        1918           1
        1921           1
        1923           1
        1925           1
        1926           1
        1927           1
        1929           2
        1933           1
        1935           4
        1936           1
        1942           2
        1944           1
        1948           1
        1949           2
        1952           3
        1953           1
        1956           1
        1958           1
        1964           3
        1965           1
        1966           1
        1967           1
        1970           3
        1972           2
        1973           1
        1979           2
        1981           4
        1983           1
        1986           3
        1988           1
        1989           1
