     1   18.03   58.67
     2   29.56   97.63
     3   23.53   68.68
     4   19.56   66.68
     5   20.34   75.23
     6   26.90   81.55
     7   21.67   63.39
     8   28.54   80.18
     9   21.05   65.30
    10   25.08   82.95
    11   23.62   74.06
    12   22.54   70.70
    13   28.46   95.95
    14   29.74   95.30
    15   26.75   95.00
    16   21.07   75.43
    17   32.86  107.90
    18   18.11   54.40
    19   25.90   79.32
    20   25.64   85.61
    21   25.86   79.75
    22   18.15   56.00
    23   26.55   87.28
    24   23.15   73.63
    25   25.23   78.80
    26   22.58   63.16
    27   31.59  106.20
    28   20.79   60.10
    29   24.44   80.88
    30   23.38   67.98
    31   32.81  106.10
    32   27.07   91.46
    33   31.10   94.80
    34   29.72   97.58
    35   20.68   72.46
    36   22.91   66.74
    37   34.19  114.00
    38   18.78   60.66
    39   29.13  104.70
    40   26.40   81.85
    41   28.35   95.31
    42   18.58   52.72
    43   28.38   88.60
    44   22.07   64.10
    45   24.63   81.68
    46   26.32   93.58
    47   32.10  114.30
    48   23.66   72.30
    49   28.40  100.60
    50   25.19   82.91
    51   24.68   72.86
    52   30.33   94.64
    53   22.61   64.12
    54   22.31   68.95
    55   21.38   68.37
    56   20.17   63.22
    57   22.97   67.24
    58   30.64   93.17
    59   20.41   54.35
    60   26.47   84.08
    61   22.47   62.15
    62   26.27   77.36
    63   28.55   94.97
    64   28.52   98.89
    65   21.44   69.31
    66   26.62   83.10
    67   19.24   58.54
    68   29.82   95.19
    69   23.90   72.91
    70   22.06   69.10
    71   25.49   85.11
    72   20.30   67.30
    73   25.06   83.87
    74   22.43   78.40
    75   22.34   68.84
    76   26.23   77.66
    77   18.64   56.94
    78   25.10   76.84
    79   30.63  102.90
    80   28.82   93.71
    81   25.91   79.47
    82   26.02   88.92
    83   28.70   98.39
    84   27.25   90.17
    85   25.74   79.14
    86   22.84   69.73
    87   26.76   90.34
    88   22.09   69.00
    89   23.10   69.65
    90   28.36   79.15
    91   27.27   85.90
    92   30.26  102.70
    93   24.76   78.31
    94   20.30   75.13
    95   26.34   80.63
    96   26.72   88.95
    97   29.60  110.70
    98   23.16   72.62
    99   29.28   85.46
   100   19.56   57.10
   101   26.54   84.31
   102   26.78   89.18
   103   22.03   71.92
   104   28.07   91.05
   105   29.00   94.64
   106   23.08   85.66
   107   24.46   72.57
   108   25.29   73.70
   109   29.82  108.60
   110   35.20  121.90
   111   18.90   60.85
   112   27.31   88.57
   113   29.65   95.26
   114   19.14   59.36
   115   26.54   84.44
   116   29.61   83.62
   117   27.11   90.89
   118   22.46   76.41
   119   20.61   74.97
   120   27.68   97.63
   121   29.07   95.30
   122   20.35   65.81
   123   24.75   72.76
   124   24.85   70.01
   125   24.18   80.92
   126   20.33   64.48
   127   19.54   56.49
   128   25.21   82.26
   129   22.18   69.80
   130   35.19  121.20
   131   29.95   94.84
   132   23.56   79.66
   133   27.03   82.19
   134   25.30   91.15
   135   24.16   73.46
   136   23.47   72.86
   137   31.73   98.17
   138   28.63  102.60
   139   19.75   68.55
   140   26.63   86.56
   141   27.77   80.11
   142   20.89   62.70
   143   23.03   72.76
   144   19.75   60.94
   145   34.70  107.50
   146   20.97   74.81
   147   27.64   95.61
   148   27.69   87.33
   149   22.40   70.59
   150   23.80   79.65
   151   27.53  101.80
   152   23.39   70.24
   153   30.23   93.97
   154   22.90   70.70
   155   24.13   70.13
   156   21.52   71.06
   157   25.61   74.72
   158   24.43   81.52
   159   27.26   93.42
   160   20.08   57.97
   161   24.08   77.84
   162   26.70   80.16
   163   27.47   80.76
   164   22.41   61.66
   165   21.53   62.45
   166   33.11  110.40
   167   30.82   89.67
   168   22.51   69.91
   169   22.50   74.10
   170   32.31  100.30
   171   21.66   66.40
   172   24.54   83.94
   173   24.21   76.54
   174   26.58   89.83
   175   21.49   68.88
   176   29.99   90.33
   177   24.34   69.41
   178   31.99   98.98
   179   28.98   84.16
   180   33.15  103.30
   181   23.53   73.94
   182   25.87   75.68
   183   29.68   98.26
   184   23.12   63.47
   185   32.76  101.60
   186   25.38   71.69
   187   24.81   87.94
   188   26.68   86.69
   189   22.03   77.31
   190   23.76   78.49
   191   23.91   73.71
   192   26.98   91.43
   193   30.65   97.57
   194   26.62   79.06
   195   24.58   72.92
   196   27.99   91.59
   197   21.10   64.06
   198   19.17   61.58
   199   25.05   87.69
   200   29.99  103.60
   201   25.38   85.55
   202   22.86   67.73
   203   20.63   63.43
   204   29.57   96.37
   205   24.59   76.12
   206   29.05   88.34
   207   22.27   72.48
   208   31.53   97.83
   209   25.57   86.21
   210   18.66   58.11
   211   25.18   82.75
   212   19.33   60.79
   213   20.86   62.33
   214   25.74   80.92
   215   26.38   81.11
   216   28.53   92.15
   217   30.08   94.74
   218   21.27   67.60
   219   31.01   94.56
   220   27.23   94.04
   221   20.50   59.12
   222   23.01   76.26
   223   29.17   94.26
   224   23.21   69.24
   225   21.10   76.31
   226   23.15   79.25
   227   22.90   75.51
   228   22.13   71.94
   229   23.78   68.11
   230   30.31  102.30
   231   22.67   70.79
   232   27.00   89.19
   233   27.39   84.94
   234   28.04   93.52
   235   24.67   69.44
   236   24.46   79.44
   237   24.30   73.70
   238   23.52   81.35
   239   24.09   77.08
   240   30.88   91.30
   241   18.08   56.32
   242   34.36  118.80
   243   26.11   87.22
   244   33.28  108.90
   245   31.03   98.05
   246   21.17   59.04
   247   27.95  102.10
   248   30.42   98.00
   249   28.50   97.73
   250   29.75   85.94
   251   26.40   75.98
   252   23.23   73.30
   253   29.12   89.98
   254   24.02   77.04
   255   23.39   70.10
   256   25.08   79.52
   257   20.99   58.43
   258   19.51   60.19
   259   36.46  124.30
   260   25.26   79.45
   261   27.19   95.55
   262   17.27   52.95
   263   23.03   75.60
   264   27.75   92.75
   265   20.23   72.62
   266   24.27   76.58
   267   28.36  101.50
   268   28.45   85.98
   269   19.07   63.34
   270   29.54   93.97
   271   31.28  111.90
   272   28.19   87.20
   273   16.08   45.13
   274   26.97   85.58
   275   30.77  102.00
   276   21.13   70.02
   277   22.42   63.62
   278   28.54   87.91
   279   19.61   60.93
   280   21.76   64.70
   281   22.59   63.05
   282   24.76   82.59
   283   25.81   80.43
   284   20.33   64.22
   285   23.12   72.18
   286   21.31   63.59
   287   24.95   69.57
   288   30.89   97.43
   289   29.28   94.00
   290   24.79   73.04
   291   26.98   91.83
   292   17.93   53.42
   293   22.21   71.35
   294   27.09   91.15
   295   21.60   64.30
   296   22.79   71.35
   297   30.65  106.80
   298   29.25   99.83
   299   34.25  113.80
   300   17.74   57.16
   301   23.99   73.09
   302   26.33   87.22
   303   21.02   71.66
   304   31.81  103.60
   305   30.03   93.09
   306   25.71   74.56
   307   25.05   78.78
   308   31.26   88.57
   309   28.93   89.25
   310   23.01   75.90
   311   24.71   74.47
   312   24.22   66.73
   313   23.36   78.13
   314   30.44   92.92
   315   25.81   88.69
   316   28.24   87.04
   317   19.73   56.00
   318   22.53   71.60
   319   26.27   76.37
   320   24.22   67.85
   321   29.22   90.17
   322   21.24   67.06
   323   28.77   78.81
   324   23.30   82.69
   325   33.88  109.20
   326   32.09  107.00
   327   26.48   91.79
   328   28.18   85.60
   329   28.34   91.36
   330   26.73   86.59
   331   23.60   75.13
   332   25.58   88.96
   333   24.28   77.73
   334   30.27   95.55
   335   23.26   77.96
   336   25.11   74.20
   337   29.14   93.24
   338   24.01   70.41
   339   27.15   92.20
   340   23.94   66.27
   341   19.83   58.86
   342   24.87   95.92
   343   27.43   82.41
   344   26.70   85.13
   345   20.64   64.78
   346   28.26   92.91
   347   28.76   94.27
   348   28.41   91.13
   349   27.20   85.14
   350   17.35   55.92
   351   29.05   89.60
   352   31.19  101.50
   353   24.33   71.88
   354   30.21   97.59
   355   24.51   75.25
   356   24.04   64.13
   357   24.65   84.64
   358   24.73   75.14
   359   18.00   60.56
   360   22.99   68.12
   361   28.19   90.71
   362   24.29   80.72
   363   22.05   69.23
   364   26.64   86.65
   365   23.83   87.88
   366   25.88   78.87
   367   18.73   55.66
   368   25.94   86.72
   369   21.29   72.89
   370   23.25   67.06
   371   23.83   68.69
   372   23.79   75.44
   373   20.92   67.70
   374   25.29   77.28
   375   28.41   84.02
   376   21.88   75.98
   377   25.36   76.31
   378   24.51   67.02
   379   28.32   84.28
   380   18.71   56.80
   381   18.33   54.33
   382   23.17   71.99
   383   25.35   87.40
   384   24.98   75.45
   385   28.61   89.46
   386   25.56   80.01
   387   31.64  102.00
   388   26.56   86.51
   389   32.84   99.25
   390   25.01   81.85
   391   24.81   77.10
   392   20.50   57.77
   393   28.34   89.37
   394   24.45   75.61
   395   23.11   70.66
   396   26.98   88.07
   397   21.11   60.50
   398   24.26   79.99
   399   21.86   75.40
   400   23.65   77.79
   401   29.00   85.90
   402   28.80   91.72
   403   25.73   80.46
   404   23.60   69.78
   405   26.46   77.71
   406   27.70   86.50
   407   24.70   78.33
   408   24.01   76.26
   409   22.65   69.44
   410   27.46   85.75
   411   29.00  104.60
   412   26.84   84.06
   413   22.78   65.07
   414   35.06  105.50
   415   23.52   70.46
   416   27.16   89.19
   417   28.71   93.18
   418   23.34   78.87
   419   28.65   97.51
   420   19.99   61.07
   421   26.79   82.96
   422   26.51   87.08
   423   28.47   96.66
   424   26.37   83.27
   425   21.87   63.06
   426   27.05   92.66
   427   29.82   92.10
   428   33.26  110.80
   429   27.84   97.67
   430   34.36  106.20
   431   26.63   87.10
   432   23.20   70.90
   433   24.40   78.06
   434   36.28  120.20
   435   28.16   80.63
   436   22.94   64.62
   437   32.98  104.30
   438   27.76   92.88
   439   26.69   80.07
   440   32.08   89.35
   441   27.53   81.08
   442   29.25   86.81
   443   27.77   91.82
   444   18.46   52.14
   445   28.66   85.20
   446   22.23   70.39
   447   22.39   68.57
   448   20.98   66.78
   449   25.59   87.80
   450   20.54   69.30
   451   19.48   60.91
   452   21.48   67.93
   453   21.13   70.19
   454   27.65   93.07
   455   28.75  100.10
   456   35.58  107.70
   457   20.22   71.43
   458   29.58   93.33
   459   35.25  111.90
   460   29.86   89.51
   461   26.40   89.18
   462   24.82   82.95
   463   21.76   65.24
   464   31.91   99.47
   465   23.23   64.87
   466   23.88   72.97
   467   29.35   95.58
   468   31.59  107.10
   469   26.88   82.26
   470   19.22   61.83
   471   24.59   74.32
   472   23.00   67.56
   473   19.60   57.66
   474   34.20  114.90
   475   23.53   75.14
   476   21.68   71.93
   477   26.59   78.09
   478   21.24   68.16
   479   24.16   78.67
   480   25.55   84.36
   481   22.80   79.94
   482   23.62   78.30
   483   29.33   91.82
   484   25.17   79.55
   485   26.14   79.10
   486   25.97   89.65
   487   22.48   76.92
   488   30.81  104.30
   489   23.38   66.31
   490   22.14   68.58
   491   36.13  126.30
   492   27.77   94.45
   493   32.63  109.20
   494   25.94   80.71
   495   22.95   73.37
   496   30.98  108.20
   497   23.79   80.44
   498   19.37   65.47
   499   27.73   88.97
   500   23.84   82.48
   501   20.34   62.43
   502   22.96   75.66
   503   21.81   66.83
   504   26.28   75.55
   505   29.01   94.29
   506   24.28   68.90
   507   19.76   69.95
   508   19.39   56.09
   509   26.45   86.19
   510   18.68   59.09
   511   24.64   71.70
   512   21.77   65.58
   513   28.78   93.91
   514   23.76   79.00
   515   24.19   72.04
   516   21.97   62.45
   517   30.93  105.50
   518   23.14   75.59
   519   31.73  102.70
   520   26.87   84.25
   521   21.11   63.83
   522   23.83   66.30
   523   22.64   73.11
   524   26.94   91.07
   525   25.10   84.25
   526   22.90   69.74
   527   23.96   72.33
   528   21.29   69.24
   529   23.68   72.08
   530   32.58  110.30
   531   27.87   83.17
   532   29.00   85.58
   533   21.44   74.82
   534   23.94   71.88
   535   26.30   89.91
   536   21.01   64.44
   537   26.20   84.01
   538   28.60   85.15
   539   23.99   85.26
   540   28.03   79.29
   541   21.51   62.68
   542   31.43  105.00
   543   22.46   68.30
   544   30.97   90.38
   545   22.56   76.15
   546   26.44   83.77
   547   21.09   64.43
   548   33.17  108.10
   549   21.87   67.25
   550   29.24   99.84
   551   26.26   96.35
   552   26.10   84.60
   553   27.40   95.68
   554   28.55   98.22
   555   23.78   74.17
   556   30.15   92.31
   557   28.60   98.50
   558   26.35   77.48
   559   21.92   70.23
   560   22.60   71.54
   561   22.25   70.36
   562   32.05   96.69
   563   24.06   84.93
   564   23.90   67.19
   565   26.80   85.34
   566   22.58   65.08
   567   22.47   72.56
   568   26.00   82.71
   569   22.23   77.21
   570   20.73   66.55
   571   22.21   75.87
   572   23.66   71.12
   573   26.83   80.90
   574   27.60   97.71
   575   24.86   76.19
   576   23.10   64.16
   577   29.47   97.19
   578   23.23   74.17
   579   19.51   69.89
   580   20.30   67.83
   581   23.81   71.07
   582   28.70   92.30
   583   35.55  118.60
   584   25.10   90.66
   585   27.78   84.67
   586   19.90   57.63
   587   26.44   78.71
   588   25.46   79.55
   589   23.69   90.53
   590   29.57   97.59
   591   28.15   91.80
   592   26.85   96.94
   593   21.68   71.46
   594   22.79   66.98
   595   23.53   69.07
   596   21.77   61.05
   597   21.80   64.07
   598   32.88  109.90
   599   23.99   72.12
   600   18.17   55.19
   601   20.91   65.97
   602   18.80   53.97
   603   19.53   58.08
   604   23.41   73.02
   605   26.99   88.69
   606   21.00   71.65
   607   25.35   76.39
   608   22.35   76.27
   609   23.51   67.47
   610   32.59  104.30
   611   25.40   77.37
   612   32.60  103.00
   613   21.86   67.84
   614   21.36   70.54
   615   19.82   55.19
   616   25.72   86.88
   617   29.07   89.89
   618   27.57   88.11
   619   34.18  121.50
   620   28.23   89.14
   621   24.53   81.55
   622   36.46  113.20
   623   27.61   87.17
   624   29.03   86.22
   625   27.17   79.95
   626   21.74   70.47
   627   31.22   93.17
   628   30.11   88.19
   629   25.14   74.07
   630   29.22   98.31
   631   22.01   69.21
   632   22.18   71.17
   633   31.89   99.77
   634   23.60   77.49
   635   22.25   66.72
   636   25.86   74.72
   637   31.69   99.70
   638   25.99   94.81
   639   25.39   93.95
   640   24.80   81.44
   641   24.70   87.05
   642   29.26   93.04
   643   22.06   63.26
   644   20.21   64.42
   645   25.54   88.22
   646   23.10   78.85
   647   23.45   62.69
   648   34.18  110.20
   649   28.75   90.64
   650   28.71   87.33
   651   27.54   81.23
   652   22.12   64.81
   653   28.18   85.50
   654   23.13   77.47
   655   30.92   96.99
   656   23.75   64.26
   657   27.96   95.53
   658   25.39   77.13
   659   22.70   78.69
   660   26.57   77.04
   661   27.25   87.42
   662   25.84   81.43
   663   27.03   85.69
   664   30.78  101.30
   665   19.23   67.75
   666   23.03   71.42
   667   23.18   76.14
   668   28.57   91.04
   669   27.27   79.40
   670   24.03   70.70
   671   26.68   93.46
   672   34.33  116.70
   673   28.16   89.91
   674   24.77   71.82
   675   20.45   56.19
   676   24.74   70.92
   677   29.00   88.88
   678   21.60   65.04
   679   30.81   88.13
   680   27.73   90.28
   681   19.90   59.58
   682   22.14   58.81
   683   30.35   99.81
   684   22.34   75.21
   685   32.68   99.56
   686   31.79   96.82
   687   25.42   93.97
   688   19.99   58.36
   689   23.95   75.86
   690   21.37   67.69
   691   33.56  117.30
   692   23.44   75.39
   693   19.75   60.48
   694   23.78   73.21
   695   23.90   73.25
   696   27.18   81.26
   697   24.35   79.99
   698   29.30   86.09
   699   25.17   74.98
   700   23.22   67.93
   701   28.33   95.26
   702   25.33   80.15
   703   24.85   89.39
   704   24.41   76.88
   705   29.15   96.51
   706   26.62   86.94
   707   29.15   90.55
   708   20.78   65.18
   709   25.65   81.97
   710   26.29   82.45
   711   35.24  121.70
   712   32.51  105.30
   713   21.75   79.23
   714   19.20   65.25
   715   20.16   59.59
   716   35.67  117.60
   717   25.15   76.72
   718   28.79   91.25
   719   21.14   64.96
   720   31.64  102.80
   721   32.42  110.40
   722   21.04   65.91
   723   22.80   68.80
   724   28.97   98.84
   725   26.88   88.40
   726   23.82   76.11
   727   34.33  114.30
   728   25.33   92.25
   729   29.09   91.46
   730   32.46  106.70
   731   23.33   73.44
   732   28.39   92.18
   733   26.36   83.65
   734   31.98  105.10
   735   23.05   73.47
   736   24.08   76.17
   737   22.94   72.89
   738   21.96   59.92
   739   34.01  113.60
   740   32.37  110.30
   741   23.69   69.92
   742   28.89   98.30
   743   22.48   69.61
   744   30.61   96.85
   745   24.45   77.64
   746   27.25   88.39
   747   20.41   65.22
   748   20.71   72.55
   749   23.31   61.70
   750   26.51   85.85
   751   27.37   86.94
   752   19.21   55.76
   753   19.26   63.56
   754   35.41  114.10
   755   29.57   97.83
   756   29.01   98.94
   757   26.82   82.41
   758   33.16  112.80
   759   20.91   68.34
   760   28.55   91.23
   761   23.78   68.99
   762   23.48   83.59
   763   23.12   79.42
   764   23.16   65.12
   765   37.72  132.50
   766   27.83   83.24
   767   24.59   82.16
   768   28.03   85.95
   769   32.53   95.18
   770   24.52   76.32
   771   30.15   97.71
   772   25.06   83.11
   773   28.43   91.20
   774   19.87   59.93
   775   22.50   77.26
   776   28.63   81.98
   777   22.93   77.13
   778   30.10   97.14
   779   22.83   79.67
   780   26.68   86.25
   781   23.68   78.26
   782   26.91   90.16
   783   22.07   72.76
   784   28.00   82.93
   785   19.73   62.76
   786   24.25   77.06
   787   20.12   61.65
   788   39.79  127.40
   789   24.24   79.72
   790   28.00  103.10
   791   22.28   73.72
   792   26.15   76.43
   793   21.12   65.06
   794   24.99   80.88
   795   18.24   55.75
   796   26.57   75.23
   797   25.59   85.07
   798   28.08   99.25
   799   27.46   87.64
   800   25.08   74.97
   801   35.62  121.00
   802   21.92   65.15
   803   28.63  100.00
   804   25.89   81.95
   805   19.78   64.67
   806   17.49   58.16
   807   23.59   72.62
   808   28.75   94.17
   809   32.31  107.80
   810   26.24   85.94
   811   23.43   70.87
   812   27.52   87.90
   813   29.40   83.47
   814   23.79   73.52
   815   25.86   83.39
   816   22.31   68.31
   817   31.40  102.90
   818   29.29   89.44
   819   26.42   89.43
   820   29.54   92.55
   821   20.56   61.36
   822   25.48   72.65
   823   25.95   74.42
   824   18.22   58.75
   825   29.06   86.86
   826   28.91  101.90
   827   28.74  101.80
   828   19.07   58.94
   829   25.23   74.15
   830   28.70   89.83
   831   29.52   97.39
   832   26.86   78.44
   833   26.27   75.61
   834   28.15   89.10
   835   32.00  100.90
   836   26.70   85.67
   837   32.36  112.60
   838   23.65   75.23
   839   22.09   74.05
   840   21.62   68.84
   841   25.29   76.41
   842   29.66   95.65
   843   23.81   81.11
   844   26.20   82.82
   845   26.03   79.74
   846   21.60   75.63
   847   26.01   80.94
   848   21.93   65.33
   849   21.11   69.83
   850   25.85   99.40
   851   28.14  100.50
   852   23.02   89.75
   853   26.11   93.02
   854   28.46   88.30
   855   24.51   77.55
   856   26.64   93.69
   857   23.95   84.15
   858   20.52   67.58
   859   21.96   70.88
   860   24.36   84.60
   861   23.48   68.47
   862   21.53   74.68
   863   31.40  102.20
   864   24.26   72.72
   865   27.03   91.51
   866   17.88   58.21
   867   28.06  100.80
   868   20.60   69.67
   869   28.18   86.28
   870   20.33   56.24
   871   27.91  100.20
   872   20.98   74.08
   873   24.65   80.09
   874   23.99   66.10
   875   28.35   87.49
   876   28.04   97.86
   877   25.88   81.27
   878   26.95   89.04
   879   28.73   93.94
   880   26.35   79.94
   881   30.18   92.06
   882   27.16   90.44
   883   28.50   85.76
   884   28.30   86.99
   885   18.40   57.96
   886   24.66   77.19
   887   28.47  102.00
   888   28.29   92.88
   889   27.58   91.66
   890   26.48   86.55
   891   22.41   67.37
   892   28.24   85.93
   893   32.92  104.20
   894   25.50   84.33
   895   20.19   62.70
   896   24.95   78.84
   897   22.42   67.67
   898   22.02   67.29
   899   29.99  111.40
   900   28.76   93.00
   901   23.92   80.32
   902   24.82   80.21
   903   24.42   80.61
   904   26.19   84.74
   905   33.36  110.70
   906   28.46   75.10
   907   19.03   57.83
   908   32.18  100.10
   909   24.11   76.20
   910   24.40   81.38
   911   21.43   63.65
   912   35.54  117.10
   913   32.28   97.39
   914   20.61   63.10
   915   27.91   91.48
   916   25.65   91.01
   917   23.67   70.12
   918   27.22   83.65
   919   26.30   85.97
   920   31.35  105.70
   921   29.46   88.50
   922   33.79  108.50
   923   24.10   73.75
   924   29.73  103.00
   925   26.24   82.62
   926   24.68   78.91
   927   27.47   83.96
   928   25.67   85.55
   929   34.39  119.40
   930   27.09   84.66
   931   27.44   84.73
   932   29.05   92.95
   933   30.73   98.04
   934   22.78   74.22
   935   18.05   56.57
   936   25.80   87.09
   937   26.16   88.38
   938   21.81   69.13
   939   26.54   78.46
   940   29.50   98.28
   941   29.24   91.97
   942   25.68   83.38
   943   28.11   86.14
   944   27.07   73.73
   945   22.22   62.48
   946   27.48   95.83
   947   22.19   69.22
   948   25.15   72.17
   949   27.29   87.30
   950   27.29   85.84
   951   21.64   67.73
   952   21.57   74.08
   953   24.31   71.83
   954   22.05   70.40
   955   30.24   94.77
   956   22.08   63.18
   957   27.12   89.03
   958   34.86  112.80
   959   23.08   78.35
   960   29.02  100.80
   961   24.04   78.53
   962   24.34   77.03
   963   31.34   96.18
   964   31.39  108.70
   965   21.39   79.60
   966   24.88   85.06
   967   26.67   83.69
   968   27.41   82.93
   969   25.83   77.98
   970   27.33   88.42
   971   21.16   62.97
   972   25.67   84.86
   973   19.80   58.93
   974   22.30   76.66
   975   20.89   69.71
   976   21.84   75.65
   977   29.36   89.75
   978   26.63   90.17
   979   21.61   73.15
   980   30.18   99.80
   981   20.86   65.68
   982   17.87   59.91
   983   21.30   65.48
   984   23.46   70.47
   985   26.01   93.07
   986   21.27   68.37
   987   23.16   66.47
   988   20.64   59.78
   989   25.49   80.47
   990   33.93  117.80
   991   25.82   81.61
   992   21.34   72.46
   993   33.63  107.50
   994   31.64  107.40
   995   24.81   86.95
   996   23.25   74.90
   997   21.03   69.41
   998   25.31   79.17
   999   28.53   93.73
  1000   26.98   81.79
  1001   26.31   86.66
  1002   26.99   88.81
  1003   24.05   72.06
  1004   27.59   83.89
  1005   18.22   53.07
  1006   22.77   79.07
  1007   33.10  108.50
  1008   21.90   65.88
  1009   21.36   58.52
  1010   28.91   97.43
  1011   24.37   79.41
  1012   22.48   70.54
  1013   25.30   80.64
  1014   23.04   76.48
  1015   24.04   78.33
  1016   22.55   80.35
  1017   21.91   65.08
  1018   19.93   63.13
  1019   27.50   91.93
  1020   30.13   90.87
  1021   25.23   89.85
  1022   30.57  101.80
  1023   21.76   74.30
  1024   26.90   82.85
  1025   27.80   90.71
  1026   27.74   81.10
  1027   24.17   81.30
  1028   24.70   83.97
  1029   19.89   60.82
  1030   21.31   65.33
  1031   19.47   61.90
  1032   24.28   71.79
  1033   21.02   58.19
  1034   26.01   80.69
  1035   23.24   63.02
  1036   21.13   67.96
  1037   25.19   78.63
  1038   21.99   67.24
  1039   25.20   84.53
  1040   22.40   74.42
  1041   31.88  101.80
  1042   24.17   80.73
  1043   18.81   58.98
  1044   24.13   77.94
  1045   22.21   67.02
  1046   20.89   60.39
  1047   31.95  106.60
  1048   22.57   80.30
  1049   28.96   91.57
  1050   26.72   84.37
  1051   24.05   86.04
  1052   21.12   77.98
  1053   28.27   95.02
  1054   27.23   80.35
  1055   29.79  100.20
  1056   23.38   73.91
  1057   28.20   91.95
  1058   33.95  105.80
  1059   24.90   78.76
  1060   23.65   72.49
  1061   27.69   95.73
  1062   21.31   71.64
  1063   28.36   89.59
  1064   22.61   65.57
  1065   25.30   76.31
  1066   19.40   56.97
  1067   30.84  106.60
  1068   25.76   83.90
  1069   33.59  107.80
  1070   23.97   73.29
  1071   24.73   80.12
  1072   31.00   93.59
  1073   26.74   85.67
  1074   29.49   92.87
  1075   23.13   72.23
  1076   23.97   73.04
  1077   29.57   92.77
  1078   32.93  112.70
  1079   25.78   76.37
  1080   28.78   96.40
  1081   23.38   75.15
  1082   31.61  110.40
  1083   27.79   74.16
  1084   31.30  104.30
  1085   21.46   74.04
  1086   24.53   72.76
  1087   25.98   78.67
  1088   28.29   83.28
  1089   25.93   79.94
  1090   21.52   67.28
  1091   19.21   60.35
  1092   25.98   75.24
  1093   26.21   81.87
  1094   25.30   69.94
  1095   30.53  100.90
  1096   31.38   95.71
  1097   26.27   82.91
  1098   22.17   68.04
  1099   28.98   96.48
  1100   30.24   98.87
  1101   26.87   91.55
  1102   20.34   63.65
  1103   21.25   67.91
  1104   19.16   60.01
  1105   25.87   87.87
  1106   27.44   89.68
  1107   19.66   61.23
  1108   28.61   85.80
  1109   20.48   62.46
  1110   22.47   73.10
  1111   25.33   76.85
  1112   23.81   65.19
  1113   27.70   93.53
  1114   24.80   68.52
  1115   26.01   77.63
  1116   21.56   68.59
  1117   19.96   69.58
  1118   25.60   82.86
  1119   28.45  104.90
  1120   26.99   82.61
  1121   24.67   88.91
  1122   21.04   59.42
  1123   25.41   69.70
  1124   23.36   70.36
  1125   27.20   90.23
  1126   23.89   83.76
  1127   18.38   55.70
  1128   26.40   84.79
  1129   25.94   75.86
  1130   25.86   78.04
  1131   27.18   86.26
  1132   30.90  100.90
  1133   27.82   90.55
  1134   24.46   64.52
  1135   28.82   91.68
  1136   21.41   78.40
  1137   21.71   66.64
  1138   27.82   87.74
  1139   22.56   81.80
  1140   23.98   73.18
  1141   27.18   91.68
  1142   23.23   75.27
  1143   30.66   93.24
  1144   28.04   92.23
  1145   27.18   75.90
  1146   23.09   70.50
  1147   28.22   96.11
  1148   27.74   87.58
  1149   23.55   79.99
  1150   31.95  101.30
  1151   24.86   70.66
  1152   29.67   98.28
  1153   25.05   79.37
  1154   25.30   93.29
  1155   19.34   64.49
  1156   21.25   73.28
  1157   29.33   91.29
  1158   22.25   75.02
  1159   23.39   69.07
  1160   23.35   77.72
  1161   23.18   71.41
  1162   24.90   69.98
  1163   18.95   63.02
  1164   26.79   88.28
  1165   32.18  103.90
  1166   25.81   81.40
  1167   20.56   62.56
  1168   31.60  100.40
  1169   23.87   73.40
  1170   28.99   88.80
  1171   24.18   74.84
  1172   30.87  100.70
  1173   23.55   75.52
  1174   27.08   95.47
  1175   29.24   96.07
  1176   26.84   87.03
  1177   30.08  114.40
  1178   22.23   78.84
  1179   21.20   64.00
  1180   21.94   79.54
  1181   24.93   79.64
  1182   27.07   83.15
  1183   24.44   83.07
  1184   23.76   76.17
  1185   17.67   57.28
  1186   24.99   85.62
  1187   24.63   78.54
  1188   27.69   88.41
  1189   28.89   94.44
  1190   23.62   84.55
  1191   27.77   81.55
  1192   32.54  117.50
  1193   29.24   92.80
  1194   32.12  103.30
  1195   21.58   65.78
  1196   29.37  100.60
  1197   21.90   61.34
  1198   31.23  103.20
  1199   30.55   97.20
  1200   25.42   77.08
  1201   20.15   61.07
  1202   19.20   57.51
  1203   25.41   91.41
  1204   26.52   86.45
  1205   22.41   67.07
  1206   24.04   73.15
  1207   23.60   71.40
  1208   31.08  106.60
  1209   29.57  106.20
  1210   23.91   73.83
  1211   35.01  113.00
  1212   25.91   82.02
  1213   25.95   84.99
  1214   29.49   92.39
  1215   24.49   81.96
  1216   30.26   98.73
  1217   23.75   74.42
  1218   24.62   88.79
  1219   24.60   81.46
  1220   29.52   90.07
  1221   22.39   72.21
  1222   19.59   65.46
  1223   26.53   84.30
  1224   30.16   94.41
  1225   20.81   58.64
  1226   37.88  131.30
  1227   23.94   73.07
  1228   27.79   86.25
  1229   32.69  110.70
  1230   24.70   84.25
  1231   23.03   61.67
  1232   21.83   70.18
  1233   33.64  103.50
  1234   23.23   73.70
  1235   26.61   88.37
  1236   26.44   76.94
  1237   29.48  103.00
  1238   22.01   65.84
  1239   29.15   99.38
  1240   24.92   89.72
  1241   26.80   83.63
  1242   23.49   68.03
  1243   30.39   99.59
  1244   32.25  107.40
  1245   27.39   90.67
  1246   22.56   71.12
  1247   27.35   79.41
  1248   24.89   80.33
  1249   26.43   86.70
  1250   26.88   83.22
  1251   26.39   81.53
  1252   23.91   81.66
  1253   28.01   79.08
  1254   24.04   74.58
  1255   26.39   81.21
  1256   29.40  107.40
  1257   19.81   64.25
  1258   25.21   77.55
  1259   18.59   52.84
  1260   24.31   75.38
  1261   20.98   64.39
  1262   18.71   59.17
  1263   33.16  107.60
  1264   26.64   79.94
  1265   22.64   67.10
  1266   32.21   97.51
  1267   28.28   84.49
  1268   27.21   91.29
  1269   23.48   84.98
  1270   21.59   63.25
  1271   29.53   91.66
  1272   27.57   77.77
  1273   30.05   97.23
  1274   18.05   54.63
  1275   21.46   64.44
  1276   28.78   88.76
  1277   27.53   88.25
  1278   28.31   99.61
  1279   24.39   81.38
  1280   25.38   83.20
  1281   24.01   67.99
  1282   25.13   87.36
  1283   32.87  112.20
  1284   26.24   76.83
  1285   28.90   90.08
  1286   26.59   86.17
  1287   25.86   74.24
  1288   27.42   91.97
  1289   18.52   61.06
  1290   32.41  100.70
  1291   24.33   81.03
  1292   29.71   85.97
  1293   29.86   90.69
  1294   33.30  115.80
  1295   20.70   63.77
  1296   30.56  104.40
  1297   19.88   58.94
  1298   24.04   77.77
  1299   24.14   76.90
  1300   22.26   61.11
  1301   23.03   80.81
  1302   24.11   78.17
  1303   28.65   82.10
  1304   29.37  101.80
  1305   26.59   80.25
  1306   31.46  106.00
  1307   26.40   89.47
  1308   34.56  112.40
  1309   20.85   69.55
  1310   25.46   92.89
  1311   30.71  101.30
  1312   25.58   83.63
  1313   18.91   54.36
  1314   21.55   64.55
  1315   19.12   60.64
  1316   25.04   76.91
  1317   20.64   61.20
  1318   25.79   76.64
  1319   17.90   53.42
  1320   31.49  113.20
  1321   21.04   60.23
  1322   24.63   76.72
  1323   23.77   73.57
  1324   24.95   84.27
  1325   30.10   98.06
  1326   25.28   74.21
  1327   22.65   67.13
  1328   27.50   90.26
  1329   29.92   98.50
  1330   19.13   57.96
  1331   24.10   85.11
  1332   24.98   74.43
  1333   30.52  108.10
  1334   24.63   75.61
  1335   29.31   87.05
  1336   24.62   77.93
  1337   29.27   98.42
  1338   20.22   61.67
  1339   29.76   99.26
  1340   22.45   86.45
  1341   21.48   63.66
  1342   20.98   61.71
  1343   19.26   54.23
  1344   22.37   65.62
  1345   21.37   62.62
  1346   19.98   66.85
  1347   22.58   63.33
  1348   38.77  128.00
  1349   27.17   87.94
  1350   27.87   96.27
  1351   24.84   89.50
  1352   24.95   77.89
  1353   26.81   72.90
  1354   26.25   71.47
  1355   20.20   65.17
  1356   28.41   88.32
  1357   27.37   91.35
  1358   23.27   69.98
  1359   28.02   94.27
  1360   20.00   58.19
  1361   26.48   89.31
  1362   19.15   57.86
  1363   28.37   93.05
  1364   23.78   78.12
  1365   27.15   86.19
  1366   22.58   71.73
  1367   30.04  110.10
  1368   32.02  105.70
  1369   20.10   62.43
  1370   26.40   81.04
  1371   23.35   73.20
  1372   19.94   61.55
  1373   24.24   76.32
  1374   24.60   73.51
  1375   32.96  106.10
  1376   26.78   82.48
  1377   24.21   67.86
  1378   22.65   73.74
  1379   32.74   87.83
  1380   23.79   73.05
  1381   20.93   69.30
  1382   31.64   92.77
  1383   31.43   98.49
  1384   33.57  104.40
  1385   30.39   97.87
  1386   21.47   67.55
  1387   30.85  105.30
  1388   21.63   67.73
  1389   24.94   77.04
  1390   21.56   65.43
  1391   25.38   83.36
  1392   24.55   72.16
  1393   22.48   81.52
  1394   23.90   75.76
  1395   28.38   88.73
  1396   21.01   62.13
  1397   20.05   65.77
  1398   26.78   77.33
  1399   23.75   69.31
  1400   22.18   76.18
  1401   25.54   82.70
  1402   30.44   90.71
  1403   30.88   96.48
  1404   31.18  105.30
  1405   22.57   70.24
  1406   28.81   90.08
  1407   22.11   79.18
  1408   24.79   75.59
  1409   25.76   72.90
  1410   33.35  113.00
  1411   20.93   69.12
  1412   24.44   88.72
  1413   28.13   91.64
  1414   20.80   65.59
  1415   36.34  118.80
  1416   30.76  102.00
  1417   26.99   75.89
  1418   23.68   66.58
  1419   26.23   80.20
  1420   24.18   72.31
  1421   26.65   72.36
  1422   27.15   92.56
  1423   26.86   87.71
  1424   34.08  102.50
  1425   28.31   88.44
  1426   27.82   93.28
  1427   18.10   61.78
  1428   25.72   87.45
  1429   25.99   79.02
  1430   23.52   78.97
  1431   23.66   75.34
  1432   27.20   75.62
  1433   27.67   80.71
  1434   19.93   69.90
  1435   31.67  109.00
  1436   26.04   81.27
  1437   21.50   57.69
  1438   30.07   91.58
  1439   32.20   92.37
  1440   22.45   88.63
  1441   21.47   75.61
  1442   23.34   80.01
  1443   26.24   91.46
  1444   31.07  108.50
  1445   18.99   59.98
  1446   25.52   73.85
  1447   26.59   82.30
  1448   28.04   90.83
  1449   25.62   79.51
  1450   25.55   76.39
  1451   29.49  101.50
  1452   26.10   78.82
  1453   20.63   67.51
  1454   18.85   56.37
  1455   22.59   63.92
  1456   23.65   61.64
  1457   20.95   68.74
  1458   25.95   84.54
  1459   22.86   66.62
  1460   26.86   88.75
  1461   20.34   66.17
  1462   19.31   64.34
  1463   25.38   79.85
  1464   24.18   68.01
  1465   26.67   91.26
  1466   27.01   91.37
  1467   26.93   82.96
  1468   29.39  106.60
  1469   18.59   55.44
  1470   30.04   91.36
  1471   31.12  103.40
  1472   25.77   82.29
  1473   27.06   87.85
  1474   24.76   74.90
  1475   18.29   57.98
  1476   28.89   94.63
  1477   29.22   92.58
  1478   21.87   68.18
  1479   28.91   95.37
  1480   31.16  107.50
  1481   27.65   85.30
  1482   27.90   88.77
  1483   29.12   98.87
  1484   36.09  128.30
  1485   23.68   75.97
  1486   22.45   71.95
  1487   33.78  105.00
  1488   22.64   70.77
  1489   25.95   86.19
  1490   24.83   85.36
  1491   22.68   66.81
  1492   22.95   76.27
  1493   24.94   87.92
  1494   28.22   90.27
  1495   31.68   90.08
  1496   23.71   74.46
  1497   26.66   87.86
  1498   27.35   94.09
  1499   33.34   95.38
  1500   31.90   97.87
  1501   24.02   66.12
  1502   27.51   88.35
  1503   28.41   92.22
  1504   27.64   86.24
  1505   33.79  106.40
  1506   27.93   88.58
  1507   26.60   73.47
  1508   24.52   73.20
  1509   32.71  116.20
  1510   28.61   88.93
  1511   24.85   82.07
  1512   23.21   66.18
  1513   26.37   71.45
  1514   26.85   83.95
  1515   28.58   96.18
  1516   19.91   60.47
  1517   25.43   87.93
  1518   21.23   67.69
  1519   28.12  102.90
  1520   22.63   65.17
  1521   26.80   89.90
  1522   20.59   61.42
  1523   23.87   82.19
  1524   25.63   80.69
  1525   20.70   55.39
  1526   25.57   76.43
  1527   25.83   81.27
  1528   22.94   63.98
  1529   31.24  113.50
  1530   29.14  100.40
  1531   24.75   81.54
  1532   19.55   61.41
  1533   24.00   75.73
  1534   30.39  103.00
  1535   20.77   57.97
  1536   32.19  105.70
  1537   17.66   51.64
  1538   27.82   89.43
  1539   23.09   75.93
  1540   22.61   68.01
  1541   21.79   63.05
  1542   27.23   81.34
  1543   26.53   92.54
  1544   20.36   58.50
  1545   24.26   68.41
  1546   32.86  104.90
  1547   31.31   97.97
  1548   29.45  107.10
  1549   23.50   73.96
  1550   22.08   61.15
  1551   26.91   84.45
  1552   26.61   81.50
  1553   30.74   86.75
  1554   23.96   74.44
  1555   23.43   71.72
  1556   26.39   82.15
  1557   31.38   99.18
  1558   28.32   91.03
  1559   31.09   96.70
  1560   31.65   97.55
  1561   21.99   71.40
  1562   25.31   89.58
  1563   21.90   66.21
  1564   23.28   79.04
  1565   34.85  105.00
  1566   34.30   99.45
  1567   26.02   77.68
  1568   26.60   79.74
  1569   17.46   52.55
  1570   24.70   81.57
  1571   24.21   69.08
  1572   34.60  108.90
  1573   30.81   97.78
  1574   34.09  108.60
  1575   23.73   73.57
  1576   22.17   68.35
  1577   23.13   75.95
  1578   28.69   84.86
  1579   22.17   69.83
  1580   19.92   63.75
  1581   19.90   61.84
  1582   20.61   67.29
  1583   33.08  107.60
  1584   23.97   80.25
  1585   26.62   78.89
  1586   19.72   60.52
  1587   21.52   73.68
  1588   20.44   71.25
  1589   24.03   73.26
  1590   27.32   90.85
  1591   26.47   88.19
  1592   24.52   73.14
  1593   19.12   60.70
  1594   26.11   82.96
  1595   23.90   80.51
  1596   26.61   87.46
  1597   18.24   55.28
  1598   27.66   84.88
  1599   24.07   83.51
  1600   28.02   84.13
  1601   28.75   89.98
  1602   33.19  110.90
  1603   30.45   97.13
  1604   28.64   94.50
  1605   19.17   51.59
  1606   34.09  109.90
  1607   21.29   73.20
  1608   22.61   71.27
  1609   28.37   88.91
  1610   27.72   88.38
  1611   25.03   74.32
  1612   22.10   65.72
  1613   28.32   94.51
  1614   23.04   71.35
  1615   30.21  102.60
  1616   21.69   64.68
  1617   19.41   59.47
  1618   25.62   86.25
  1619   26.15   83.27
  1620   27.63   91.79
  1621   23.02   72.72
  1622   30.01   93.07
  1623   25.45   86.16
  1624   23.87   77.29
  1625   24.26   76.76
  1626   22.32   71.95
  1627   27.82   87.39
  1628   22.35   73.31
  1629   19.15   63.32
  1630   27.89  109.20
  1631   26.89   81.91
  1632   25.59   92.94
  1633   26.41   90.96
  1634   20.36   64.19
  1635   20.72   68.19
  1636   31.67  107.70
  1637   24.34   76.81
  1638   28.81   95.98
  1639   27.43   86.30
  1640   27.28   78.99
  1641   23.58   79.28
  1642   20.24   60.07
  1643   25.23   81.03
  1644   19.07   56.81
  1645   25.18   71.86
  1646   21.50   69.26
  1647   28.74   84.67
  1648   23.97   71.55
  1649   20.22   67.63
  1650   23.48   65.86
  1651   30.62   93.81
  1652   30.33   98.23
  1653   25.63   76.96
  1654   30.06  104.60
  1655   20.26   61.23
  1656   30.92  110.50
  1657   28.28   94.79
  1658   23.37   77.86
  1659   25.26   74.00
  1660   29.22   87.64
  1661   29.95   95.47
  1662   23.83   82.05
  1663   20.71   55.92
  1664   25.24   82.44
  1665   26.76   83.88
  1666   22.96   69.87
  1667   31.79  104.20
  1668   19.18   59.71
  1669   28.89   97.14
  1670   26.88   89.49
  1671   27.31   85.75
  1672   26.67   88.13
  1673   20.35   62.14
  1674   25.07   88.23
  1675   21.90   68.86
  1676   28.30   88.10
  1677   19.66   61.03
  1678   29.78   98.83
  1679   29.18  105.70
  1680   29.38   90.24
  1681   25.79   76.25
  1682   19.36   67.10
  1683   21.63   63.52
  1684   25.83   73.74
  1685   21.46   67.58
  1686   25.74   91.70
  1687   27.66   85.28
  1688   29.96  102.00
  1689   21.13   63.98
  1690   22.47   71.23
  1691   22.78   75.11
  1692   26.73   88.16
  1693   25.68   90.18
  1694   23.03   73.45
  1695   25.06   72.13
  1696   26.72   77.46
  1697   22.62   67.51
  1698   29.45  108.30
  1699   22.39   65.26
  1700   31.80   99.35
  1701   28.18   88.45
  1702   24.69   92.11
  1703   23.33   73.34
  1704   21.16   65.50
  1705   22.45   68.56
  1706   19.26   59.00
  1707   28.48   95.08
  1708   28.74   96.48
  1709   20.02   70.66
  1710   30.69   98.25
  1711   23.13   68.58
  1712   22.57   74.09
  1713   25.34   76.75
  1714   22.84   83.56
  1715   21.23   62.78
  1716   34.87  106.40
  1717   27.32   83.80
  1718   28.22   98.93
  1719   18.31   54.43
  1720   22.38   73.27
  1721   23.31   73.87
  1722   31.15  101.80
  1723   36.07  120.70
  1724   30.28   89.27
  1725   24.56   89.86
  1726   30.30  109.90
  1727   31.99  106.50
  1728   22.35   79.66
  1729   21.47   70.36
  1730   29.84   93.92
  1731   30.29   89.83
  1732   30.83   93.25
  1733   20.52   58.55
  1734   27.34   84.76
  1735   20.70   67.17
  1736   32.98  112.60
  1737   22.37   77.03
  1738   25.19   73.43
  1739   29.04   92.71
  1740   26.36   82.15
  1741   25.97   87.76
  1742   25.45   83.54
  1743   22.87   74.80
  1744   31.48  102.80
  1745   27.43   76.55
  1746   32.80  116.20
  1747   27.24   90.23
  1748   24.49   81.02
  1749   23.15   74.81
  1750   25.14   83.02
  1751   17.87   58.05
  1752   23.74   68.43
  1753   20.02   57.93
  1754   24.82   78.08
  1755   24.03   68.28
  1756   17.02   52.13
  1757   22.99   74.09
  1758   23.53   82.34
  1759   26.30   91.72
  1760   17.26   58.87
  1761   21.56   66.63
  1762   25.24   87.03
  1763   26.57   89.15
  1764   26.70   79.68
  1765   26.84   80.50
  1766   24.42   78.71
  1767   24.96   91.73
  1768   20.49   65.75
  1769   25.34   84.69
  1770   24.40   70.76
  1771   21.53   72.19
  1772   21.94   73.25
  1773   20.50   63.72
  1774   23.14   68.78
  1775   23.53   72.39
  1776   22.72   72.88
  1777   23.73   66.32
  1778   23.80   73.29
  1779   26.18   84.47
  1780   21.92   70.08
  1781   25.10   88.16
  1782   25.46   75.31
  1783   24.33   76.75
  1784   22.26   67.56
  1785   20.59   65.91
  1786   24.44   75.34
  1787   20.53   66.84
  1788   22.92   74.56
  1789   27.10   84.31
  1790   24.75   77.59
  1791   25.45   83.67
  1792   24.07   71.30
  1793   20.86   67.80
  1794   22.26   72.71
  1795   30.51   99.10
  1796   19.18   57.64
  1797   27.70   85.11
  1798   29.27  102.50
  1799   26.47   84.93
  1800   27.25   94.65
  1801   21.70   62.42
  1802   23.41   73.53
  1803   23.03   79.74
  1804   25.91   82.26
  1805   28.09   89.18
  1806   27.78   90.02
  1807   31.21   94.81
  1808   28.91   87.06
  1809   25.65   86.60
  1810   34.88  115.20
  1811   25.36   83.64
  1812   29.28   90.58
  1813   27.44   86.67
  1814   27.20   91.72
  1815   19.25   63.23
  1816   24.38   83.87
  1817   25.54   82.65
  1818   23.89   81.30
  1819   26.00   87.18
  1820   19.86   64.11
  1821   25.89   77.93
  1822   27.48   78.72
  1823   29.52   97.66
  1824   21.95   63.87
  1825   25.89   84.14
  1826   21.88   66.13
  1827   25.64   84.28
  1828   29.10   86.11
  1829   29.10   98.65
  1830   31.47  109.60
  1831   22.97   69.46
  1832   30.57   95.30
  1833   21.85   72.16
  1834   27.04   76.44
  1835   27.00   83.74
  1836   21.47   66.10
  1837   20.15   64.53
  1838   27.61   96.18
  1839   20.88   77.00
  1840   27.05   81.39
  1841   29.70   90.43
  1842   25.21   77.70
  1843   19.55   58.37
  1844   24.52   78.07
  1845   25.24   78.32
  1846   24.79   81.18
  1847   29.20   95.27
  1848   20.34   60.00
  1849   31.49  104.10
  1850   24.37   81.46
  1851   23.41   79.13
  1852   23.49   78.96
  1853   30.04   98.35
  1854   23.03   71.71
  1855   22.74   68.26
  1856   27.62   86.00
  1857   20.47   62.87
  1858   20.77   64.64
  1859   31.69   96.40
  1860   22.59   75.76
  1861   26.03   80.54
  1862   23.45   73.72
  1863   24.13   80.08
  1864   23.02   74.23
  1865   25.87   85.34
  1866   28.16   91.07
  1867   30.24   95.07
  1868   24.43   81.50
  1869   22.70   68.25
  1870   26.02   91.34
  1871   21.65   69.17
  1872   25.74   77.26
  1873   33.02  108.10
  1874   22.78   71.21
  1875   22.98   65.79
  1876   22.91   69.60
  1877   22.48   75.81
  1878   20.18   57.16
  1879   22.43   64.85
  1880   23.91   67.01
  1881   24.37   84.01
  1882   23.11   62.89
  1883   25.06   69.24
  1884   26.37   71.77
  1885   25.50   76.73
  1886   27.83   91.27
  1887   24.74   90.34
  1888   28.51   93.73
  1889   30.05   94.97
  1890   24.71   78.69
  1891   24.03   71.73
  1892   23.13   68.06
  1893   23.98   75.82
  1894   23.29   72.55
  1895   24.72   78.59
  1896   27.98   92.54
  1897   31.10   99.20
  1898   25.83   73.99
  1899   24.84   95.72
  1900   28.77  102.50
  1901   20.53   62.13
  1902   20.86   63.55
  1903   20.92   73.15
  1904   23.65   69.00
  1905   28.71   93.32
  1906   29.48   97.70
  1907   25.51   84.16
  1908   27.20   93.56
  1909   27.97   96.82
  1910   29.38   88.90
  1911   32.03   96.91
  1912   24.67   82.06
  1913   30.56   94.73
  1914   29.04  100.70
  1915   22.28   66.72
  1916   20.84   66.79
  1917   23.29   77.44
  1918   24.52   72.35
  1919   32.74  111.90
  1920   23.33   77.32
  1921   22.81   74.70
  1922   18.22   61.08
  1923   24.44   78.80
  1924   30.14   99.97
  1925   30.72  107.30
  1926   29.53   91.85
  1927   22.61   73.67
  1928   23.02   80.51
  1929   19.56   55.85
  1930   21.36   67.59
  1931   25.52   82.61
  1932   21.78   65.47
  1933   23.18   80.00
  1934   24.07   77.12
  1935   26.03   83.21
  1936   30.19  109.20
  1937   20.01   59.48
  1938   27.14   90.85
  1939   24.20   79.72
  1940   24.22   81.72
  1941   18.50   59.40
  1942   20.85   68.14
  1943   23.81   75.48
  1944   28.81  100.80
  1945   22.59   74.15
  1946   25.46   89.27
  1947   27.91   85.72
  1948   27.18   87.62
  1949   23.51   81.20
  1950   28.10   87.04
  1951   18.69   61.74
  1952   24.38   73.10
  1953   25.42   79.68
  1954   28.58   96.20
  1955   17.75   52.34
  1956   25.23   80.17
  1957   28.33   76.41
  1958   27.08  101.50
  1959   19.51   61.98
  1960   26.34   77.30
  1961   26.31   73.88
  1962   24.50   70.58
  1963   21.39   71.27
  1964   26.91   86.36
  1965   21.20   64.58
  1966   35.56  116.10
  1967   24.32   80.70
  1968   26.56   75.08
  1969   27.52   86.58
  1970   32.08  101.60
  1971   23.40   79.22
  1972   25.13   83.03
  1973   23.57   73.74
  1974   27.98   89.94
  1975   26.99   91.03
  1976   23.53   68.96
  1977   21.44   71.74
  1978   25.23   77.78
  1979   20.23   56.39
  1980   27.99   92.08
  1981   23.15   76.17
  1982   22.88   72.60
  1983   22.65   68.34
  1984   26.74   75.36
  1985   28.28   91.63
  1986   22.04   76.19
  1987   31.27   92.98
  1988   29.57   90.38
  1989   29.23   93.07
  1990   26.46   90.85
  1991   33.85  118.50
  1992   26.84   86.93
  1993   30.26  106.10
  1994   26.23   87.54
  1995   32.00  106.40
  1996   22.56   70.51
  1997   34.69  113.50
  1998   27.39   87.58
  1999   30.53   93.57
  2000   29.67   90.71
