     1   29.95   95.66
     2   34.32  110.80
     3   26.61   86.36
     4   28.68   85.21
     5   22.05   63.20
     6   25.81   91.40
     7   21.72   76.93
     8   32.51  104.50
     9   25.34   73.55
    10   28.44   86.16
    11   23.75   75.76
    12   28.69  103.40
    13   24.78   70.04
    14   25.44   77.70
    15   23.63   78.56
    16   24.42   78.16
    17   28.19   87.87
    18   26.94   87.36
    19   27.32   85.90
    20   20.01   64.82
    21   25.53   83.74
    22   21.60   69.09
    23   28.18   85.35
    24   25.01   71.98
    25   26.84   84.76
    26   24.47   74.83
    27   19.56   62.14
    28   31.81  100.20
    29   24.50   77.81
    30   20.68   62.54
    31   27.50   89.06
    32   28.26   96.82
    33   24.78   82.65
    34   27.48   88.06
    35   30.45   92.70
    36   26.23   81.45
    37   25.46   83.33
    38   28.13   93.23
    39   31.31  102.10
    40   30.16   92.14
    41   23.87   80.63
    42   25.32   76.47
    43   21.14   73.32
    44   21.88   69.06
    45   28.11  100.00
    46   25.03   85.27
    47   22.42   73.23
    48   24.89   81.30
    49   20.52   61.23
    50   23.50   76.14
    51   25.25   86.16
    52   24.45   68.31
    53   27.62   78.62
    54   23.66   69.03
    55   27.98   81.87
    56   27.97   73.01
    57   21.89   72.90
    58   30.84  102.10
    59   18.23   60.54
    60   24.16   84.09
    61   35.52  114.60
    62   22.72   66.75
    63   27.80   82.58
    64   31.25  103.00
    65   27.78   91.36
    66   23.02   66.09
    67   25.18   86.55
    68   30.69  101.00
    69   31.02  103.90
    70   33.46  112.60
    71   30.55  104.40
    72   26.87   87.93
    73   26.28   80.89
    74   27.92   85.38
    75   29.74   89.18
    76   24.20   76.79
    77   24.10   73.24
    78   26.32   87.49
    79   25.70   80.93
    80   19.86   62.36
    81   31.86   99.73
    82   27.19   86.14
    83   20.23   64.30
    84   22.98   69.36
    85   38.26  126.30
    86   17.78   57.53
    87   29.60   89.48
    88   24.16   77.33
    89   24.75   77.17
    90   24.82   78.80
    91   26.96   91.16
    92   24.68   82.12
    93   20.07   58.79
    94   20.16   66.57
    95   26.35   80.20
    96   22.92   76.67
    97   19.40   58.66
    98   19.47   59.83
    99   24.72   78.55
   100   29.55  102.30
   101   20.63   60.29
   102   27.60   85.95
   103   27.89   90.86
   104   22.20   66.10
   105   29.17  101.00
   106   32.94  111.10
   107   30.71  104.20
   108   29.88   98.69
   109   28.66   93.65
   110   24.04   67.69
   111   23.92   75.05
   112   33.01  105.40
   113   30.75   86.96
   114   25.44   80.66
   115   24.83   80.56
   116   29.60   88.43
   117   21.81   70.73
   118   29.65   98.02
   119   24.95   74.36
   120   24.13   70.59
   121   23.45   79.37
   122   23.71   83.79
   123   24.66   75.24
   124   30.91   95.25
   125   27.49   92.98
   126   26.58   77.89
   127   22.54   71.58
   128   25.51   91.47
   129   23.26   69.41
   130   28.64   90.43
   131   30.47  101.20
   132   24.96   83.42
   133   21.65   74.96
   134   24.93   74.54
   135   30.84  100.60
   136   28.84   95.23
   137   29.29   95.87
   138   19.33   59.50
   139   23.65   77.19
   140   20.65   67.87
   141   27.51   87.88
   142   25.24   77.99
   143   34.68  117.60
   144   20.14   68.19
   145   30.40   97.33
   146   19.13   52.28
   147   26.28   90.91
   148   24.18   79.93
   149   20.62   67.14
   150   19.13   57.68
   151   25.63   83.99
   152   27.67   96.67
   153   28.28   84.35
   154   30.32   92.23
   155   29.11   93.34
   156   27.64   99.28
   157   29.36   98.78
   158   26.42   79.40
   159   24.30   72.82
   160   25.71   83.11
   161   26.26   87.73
   162   24.61   79.30
   163   22.29   71.52
   164   28.05   96.10
   165   33.40  111.10
   166   29.19   85.18
   167   23.40   66.10
   168   28.61   94.79
   169   24.94   74.69
   170   22.14   68.60
   171   29.12   93.13
   172   20.72   81.22
   173   22.25   65.73
   174   25.90   79.92
   175   22.60   71.37
   176   26.91   84.44
   177   26.64   90.19
   178   23.08   74.23
   179   21.49   67.25
   180   21.51   71.45
   181   22.57   74.60
   182   27.32   89.54
   183   22.18   70.54
   184   24.73   87.88
   185   26.62   79.72
   186   21.53   65.80
   187   18.29   55.82
   188   30.56   94.60
   189   21.21   66.64
   190   27.67   89.42
   191   21.71   67.36
   192   21.45   63.36
   193   20.52   68.54
   194   19.53   59.61
   195   25.76   78.30
   196   27.77   99.45
   197   27.51   84.66
   198   20.37   60.10
   199   26.53   79.07
   200   22.01   60.73
   201   35.16  111.50
   202   29.24   91.27
   203   33.00  115.70
   204   20.37   71.11
   205   30.52  103.70
   206   22.53   74.81
   207   23.92   69.82
   208   23.41   73.15
   209   33.91  108.40
   210   27.64  102.60
   211   24.34   74.63
   212   21.14   62.15
   213   22.42   65.03
   214   25.56   80.56
   215   21.04   65.62
   216   25.10   91.29
   217   28.63  101.00
   218   24.72   76.07
   219   25.24   72.63
   220   26.43   82.37
   221   17.84   58.38
   222   20.90   79.50
   223   20.89   59.18
   224   27.55   89.46
   225   27.02   84.87
   226   21.37   73.60
   227   21.90   72.61
   228   19.21   57.03
   229   30.08   90.35
   230   27.87   84.88
   231   22.10   64.63
   232   24.63   77.45
   233   24.57   78.78
   234   33.38  109.40
   235   27.54   85.02
   236   31.14   99.95
   237   22.67   73.45
   238   20.06   66.35
   239   29.55   88.15
   240   20.41   60.90
   241   29.57   86.75
   242   18.28   58.33
   243   26.48   92.57
   244   25.90   85.25
   245   20.48   66.30
   246   28.44   87.21
   247   32.29  104.80
   248   22.26   74.34
   249   27.03   89.95
   250   25.17   78.80
   251   25.80   73.82
   252   24.95   75.46
   253   27.46   87.81
   254   23.45   78.74
   255   24.10   82.56
   256   23.52   70.44
   257   27.00   75.01
   258   21.63   58.11
   259   18.44   57.63
   260   24.17   73.75
   261   24.26   71.43
   262   25.50   84.00
   263   37.74  122.90
   264   33.56  100.60
   265   29.59   99.60
   266   28.11   99.30
   267   28.40   91.50
   268   27.01   88.59
   269   28.18   77.93
   270   30.89  103.10
   271   24.23   71.85
   272   24.95   85.26
   273   23.15   69.68
   274   22.35   86.56
   275   30.32   96.10
   276   28.88   91.37
   277   23.47   71.39
   278   18.46   60.12
   279   30.39   97.43
   280   26.49   86.52
   281   24.31   87.03
   282   26.40   83.05
   283   25.91   82.95
   284   24.99   84.70
   285   28.76   95.33
   286   28.42   87.49
   287   27.75   94.81
   288   28.49   93.12
   289   34.99  113.90
   290   25.40   67.05
   291   19.65   61.18
   292   30.97   96.06
   293   18.09   55.00
   294   30.37   91.13
   295   26.87   73.58
   296   25.07   82.08
   297   20.80   68.01
   298   19.10   61.23
   299   21.80   67.36
   300   25.63   88.51
   301   23.32   68.35
   302   31.40   96.60
   303   24.07   73.38
   304   20.77   73.84
   305   31.10   92.84
   306   24.11   77.25
   307   27.75   90.84
   308   30.90   93.60
   309   24.88   79.11
   310   26.08   89.02
   311   29.71   85.90
   312   28.19   89.89
   313   37.16  121.80
   314   27.28   87.85
   315   35.00  120.30
   316   23.70   70.28
   317   30.26   96.65
   318   28.09   85.72
   319   24.37   80.52
   320   25.39   84.48
   321   24.61   85.16
   322   22.55   75.55
   323   26.23   86.32
   324   22.30   70.40
   325   24.77   83.85
   326   26.54   89.28
   327   27.58   79.17
   328   23.50   68.51
   329   22.90   65.11
   330   20.02   63.04
   331   22.08   59.73
   332   22.40   68.42
   333   25.81   88.36
   334   28.97   97.38
   335   26.71   86.94
   336   25.36   87.19
   337   26.25   86.89
   338   20.61   71.89
   339   30.04   94.59
   340   34.82  119.10
   341   25.84   84.47
   342   18.75   55.43
   343   22.74   67.09
   344   27.77   94.09
   345   25.48   85.85
   346   25.10   75.67
   347   18.71   61.58
   348   24.29   85.53
   349   27.47   90.56
   350   27.02   96.47
   351   30.31  100.30
   352   34.86  128.00
   353   23.01   77.21
   354   22.56   78.70
   355   24.54   75.89
   356   27.86   84.58
   357   26.81   84.12
   358   26.72   90.47
   359   28.79   94.03
   360   25.39   81.41
   361   26.82   77.18
   362   23.92   75.29
   363   28.35   94.17
   364   19.70   62.63
   365   33.41  102.40
   366   19.19   70.21
   367   22.70   64.44
   368   22.67   76.83
   369   26.80   77.00
   370   30.07   92.93
   371   24.94   81.65
   372   21.29   73.60
   373   32.39  101.70
   374   24.49   77.37
   375   20.64   65.13
   376   25.21   88.61
   377   25.50   76.32
   378   32.57  101.60
   379   21.92   71.90
   380   20.16   62.18
   381   27.75   81.44
   382   24.51   79.22
   383   25.27   82.01
   384   25.87   83.38
   385   23.90   87.36
   386   21.28   79.68
   387   17.30   56.18
   388   29.56   91.09
   389   26.89   84.38
   390   22.54   79.56
   391   26.26   82.17
   392   26.18   83.75
   393   26.14   85.13
   394   26.86   97.52
   395   19.70   68.94
   396   29.14   92.74
   397   22.22   66.16
   398   22.00   64.39
   399   19.85   66.28
   400   31.84  102.70
   401   20.59   64.41
   402   26.87   85.52
   403   31.37   90.80
   404   31.85  103.80
   405   25.54   89.69
   406   27.94   98.07
   407   20.70   65.66
   408   28.04   91.92
   409   27.13   87.60
   410   26.01   79.37
   411   22.40   61.54
   412   23.99   72.31
   413   31.61  104.30
   414   29.06   96.39
   415   21.19   62.37
   416   28.93   85.06
   417   28.97   89.61
   418   24.88   89.06
   419   32.64  108.70
   420   21.66   67.62
   421   29.48   94.70
   422   28.06   89.81
   423   22.76   74.03
   424   30.92   99.48
   425   25.87   89.72
   426   31.41   94.89
   427   24.40   70.69
   428   31.02  100.80
   429   26.11   79.66
   430   26.13   93.28
   431   25.52   86.42
   432   25.11   78.23
   433   24.36   67.50
   434   17.88   55.50
   435   31.74  104.60
   436   23.62   68.36
   437   27.77   95.19
   438   28.51   76.86
   439   31.13   95.82
   440   25.68   83.78
   441   26.32   84.41
   442   30.51  109.70
   443   26.40   78.68
   444   27.01   71.13
   445   24.28   79.93
   446   23.47   76.21
   447   26.03   79.76
   448   21.79   65.18
   449   26.60   84.51
   450   31.71  103.90
   451   23.69   70.41
   452   23.58   65.23
   453   29.97   94.65
   454   18.05   64.70
   455   27.21   95.98
   456   25.89   78.69
   457   27.45  101.20
   458   25.09   81.86
   459   24.35   82.34
   460   24.26   70.83
   461   18.63   57.85
   462   33.85  101.90
   463   24.32   64.25
   464   23.92   68.53
   465   26.22   80.55
   466   23.24   74.56
   467   21.55   66.33
   468   26.61   76.16
   469   25.09   72.35
   470   24.99   77.36
   471   27.36   87.22
   472   34.74  114.90
   473   17.61   50.59
   474   19.85   63.38
   475   26.12   87.80
   476   22.27   66.40
   477   27.89   91.48
   478   23.03   68.21
   479   31.05  108.80
   480   29.84   97.83
   481   26.10   85.42
   482   21.94   67.47
   483   24.33   84.71
   484   22.48   78.66
   485   30.21  100.60
   486   22.66   67.43
   487   31.02  102.70
   488   19.75   73.89
   489   25.24   76.54
   490   20.82   60.63
   491   24.91   71.89
   492   26.97   85.38
   493   26.10   81.71
   494   28.84   92.69
   495   21.92   70.54
   496   19.61   63.85
   497   26.93   82.33
   498   23.53   77.51
   499   28.03   87.08
   500   31.21   99.17
   501   27.96   94.61
   502   24.90   77.49
   503   24.45   70.87
   504   26.65   95.16
   505   30.64   99.04
   506   29.86   94.82
   507   31.95   94.66
   508   26.68   88.11
   509   31.30   95.46
   510   20.75   67.75
   511   28.42  101.20
   512   29.17  103.20
   513   24.97   81.85
   514   27.95   93.51
   515   28.51   95.11
   516   21.74   75.65
   517   27.70   99.14
   518   22.58   71.56
   519   30.14   91.30
   520   22.48   80.88
   521   37.19  113.10
   522   25.83   89.69
   523   22.79   75.42
   524   26.73   85.51
   525   29.11   94.10
   526   26.13   74.68
   527   28.90  102.00
   528   29.73   96.40
   529   24.89   81.62
   530   22.30   70.07
   531   27.27   92.56
   532   26.20   79.40
   533   20.97   69.99
   534   22.89   71.14
   535   27.71   97.66
   536   26.55   82.79
   537   20.49   62.10
   538   26.96   79.30
   539   22.81   74.63
   540   24.95   86.39
   541   29.89   95.27
   542   25.33   92.38
   543   20.10   57.65
   544   27.61   95.00
   545   24.87   89.04
   546   28.76   91.71
   547   31.22   91.93
   548   25.79   80.66
   549   31.16  102.60
   550   29.53   90.04
   551   33.38  103.00
   552   29.80   97.72
   553   27.49   86.43
   554   27.99   82.42
   555   28.23   88.81
   556   26.22   85.73
   557   22.63   82.48
   558   26.30   82.41
   559   24.33   73.16
   560   25.00   76.90
   561   29.32   89.81
   562   25.06   75.82
   563   21.22   63.03
   564   19.79   64.96
   565   33.95  111.20
   566   23.20   73.40
   567   30.60  103.80
   568   31.09   93.52
   569   26.33   89.90
   570   27.05   84.57
   571   31.42   94.89
   572   25.16   76.64
   573   24.94   84.41
   574   22.23   71.24
   575   19.30   58.57
   576   33.53  115.60
   577   27.32  102.20
   578   21.59   72.07
   579   21.01   73.19
   580   22.39   74.87
   581   25.41   76.43
   582   21.36   69.51
   583   21.70   72.73
   584   25.68   80.11
   585   27.07   83.62
   586   23.62   77.92
   587   19.30   58.70
   588   28.17   87.95
   589   20.17   68.42
   590   25.74   84.14
   591   24.64   71.25
   592   27.89   89.61
   593   23.41   73.56
   594   26.27   90.87
   595   29.18   93.77
   596   29.33   96.71
   597   25.59   80.01
   598   30.19   93.80
   599   19.82   66.31
   600   24.11   81.62
   601   26.28   80.91
   602   29.86   96.51
   603   23.14   64.52
   604   26.85   84.90
   605   26.13   80.66
   606   22.50   71.76
   607   28.79  101.90
   608   27.65   83.82
   609   22.32   71.05
   610   26.42   81.94
   611   24.58   73.33
   612   19.87   63.09
   613   20.48   61.83
   614   28.32   89.91
   615   24.80   84.00
   616   26.25   84.29
   617   23.48   68.26
   618   21.36   73.69
   619   27.44   91.29
   620   21.76   71.53
   621   31.14   96.87
   622   24.77   80.97
   623   20.44   59.42
   624   35.71  118.50
   625   25.06   80.47
   626   25.65   76.48
   627   22.21   66.93
   628   29.81   94.16
   629   29.28   92.96
   630   21.65   71.98
   631   24.41   80.95
   632   33.36  108.40
   633   27.98   87.86
   634   25.64   92.77
   635   25.21   81.65
   636   22.62   66.32
   637   26.54   91.03
   638   29.57  104.40
   639   21.15   67.71
   640   20.46   64.01
   641   27.12   88.24
   642   28.61  106.10
   643   26.43   81.36
   644   20.02   56.82
   645   25.34   79.05
   646   20.53   66.98
   647   24.69   86.21
   648   20.05   65.61
   649   21.06   59.72
   650   30.45  103.80
   651   26.89   85.85
   652   28.28   89.83
   653   25.62   75.42
   654   20.76   59.70
   655   25.98   86.10
   656   23.98   65.48
   657   19.81   62.67
   658   20.30   67.46
   659   25.07   84.91
   660   25.95   76.13
   661   30.72  104.30
   662   24.15   72.77
   663   22.07   71.86
   664   27.16   92.41
   665   31.08  100.40
   666   25.01   83.67
   667   22.00   64.02
   668   27.51   90.37
   669   20.96   62.33
   670   22.04   65.97
   671   29.11   92.15
   672   22.10   77.04
   673   30.21  100.10
   674   18.98   64.24
   675   22.08   65.80
   676   22.26   65.96
   677   26.14   90.52
   678   22.76   76.43
   679   18.28   52.40
   680   27.26   85.72
   681   27.55   87.95
   682   28.45   91.46
   683   26.57   78.82
   684   16.92   50.04
   685   25.11   76.43
   686   27.01   82.24
   687   26.19   89.02
   688   27.46   84.65
   689   30.71   90.82
   690   23.84   64.94
   691   20.72   63.26
   692   24.42   79.02
   693   32.94  105.90
   694   18.65   59.44
   695   23.85   75.23
   696   25.81   85.59
   697   23.41   73.52
   698   25.17   80.05
   699   28.65   98.13
   700   31.70   97.51
   701   21.33   69.26
   702   19.00   59.20
   703   19.51   62.79
   704   18.53   58.92
   705   25.39   84.66
   706   19.57   66.34
   707   22.94   77.27
   708   22.18   64.43
   709   23.10   66.80
   710   30.56  112.10
   711   20.31   60.98
   712   26.00   85.35
   713   23.71   82.08
   714   25.32   73.32
   715   27.23   81.12
   716   26.73   85.94
   717   27.58   91.42
   718   22.33   80.46
   719   34.38  117.70
   720   23.35   80.54
   721   31.04  105.50
   722   20.38   59.28
   723   22.22   70.03
   724   29.19   90.89
   725   27.99   96.02
   726   20.06   61.71
   727   25.99   80.00
   728   24.03   84.37
   729   20.82   63.04
   730   21.78   72.25
   731   27.69   98.65
   732   23.99   85.94
   733   19.31   57.33
   734   26.43   86.58
   735   22.34   66.15
   736   20.73   64.35
   737   31.78   99.28
   738   30.27   98.76
   739   20.33   55.11
   740   28.05   91.34
   741   21.84   81.06
   742   29.06   82.81
   743   25.83   79.62
   744   23.54   84.43
   745   25.06   88.18
   746   26.73   81.13
   747   24.78   86.41
   748   24.70   78.96
   749   29.42   92.11
   750   29.63   90.03
   751   24.06   76.90
   752   25.75   88.35
   753   32.61  108.60
   754   25.78   79.99
   755   30.94   98.49
   756   30.29  102.20
   757   27.40   83.67
   758   28.35   88.39
   759   28.93   92.62
   760   29.79   95.93
   761   25.42   89.95
   762   28.22   90.77
   763   23.21   77.05
   764   23.90   70.57
   765   29.25  103.10
   766   27.10   79.86
   767   19.81   65.17
   768   28.09   91.00
   769   31.99  111.60
   770   21.94   64.40
   771   32.91  111.80
   772   22.43   65.88
   773   23.74   70.91
   774   32.07   93.58
   775   31.79   93.99
   776   26.15   79.03
   777   24.53   70.33
   778   29.26  100.30
   779   30.88  101.10
   780   25.16   75.29
   781   21.32   63.77
   782   29.18   94.91
   783   28.58   84.79
   784   30.81   99.10
   785   24.15   81.04
   786   31.97   99.76
   787   20.84   63.83
   788   26.80   74.66
   789   24.38   70.83
   790   19.87   63.57
   791   25.58   77.02
   792   22.23   72.92
   793   25.67   82.11
   794   28.59   91.70
   795   20.18   61.02
   796   27.65   93.45
   797   24.39   79.70
   798   28.18   92.10
   799   22.90   77.52
   800   26.02   82.05
   801   24.37   84.46
   802   23.07   70.68
   803   21.92   69.47
   804   31.15  105.30
   805   25.81   80.24
   806   23.43   73.56
   807   21.54   64.79
   808   22.07   73.30
   809   28.69   97.33
   810   25.05   83.26
   811   22.96   75.41
   812   25.10   91.27
   813   21.79   63.37
   814   20.32   70.69
   815   23.27   72.86
   816   31.01   98.09
   817   23.89   74.53
   818   27.79   92.08
   819   23.54   67.27
   820   25.18   79.12
   821   26.20   80.37
   822   30.50  100.40
   823   22.39   61.48
   824   29.11  100.50
   825   24.17   78.74
   826   29.87   93.68
   827   31.98  105.10
   828   27.71   83.94
   829   25.82   86.91
   830   28.76   90.10
   831   20.53   57.61
   832   20.64   61.21
   833   22.99   75.70
   834   25.60   86.91
   835   25.67   87.49
   836   24.25   82.68
   837   32.44   92.40
   838   21.87   60.74
   839   21.33   69.99
   840   22.86   72.98
   841   29.94   94.31
   842   33.14  110.90
   843   26.98   81.29
   844   25.90   80.25
   845   21.53   64.74
   846   23.68   67.70
   847   23.62   75.92
   848   20.69   67.21
   849   26.04   79.65
   850   19.90   64.73
   851   21.09   65.50
   852   24.07   67.23
   853   26.85   75.76
   854   19.10   58.96
   855   22.35   72.32
   856   21.56   63.95
   857   28.94   95.55
   858   27.33   91.22
   859   30.52   86.57
   860   28.44   95.45
   861   22.56   77.38
   862   22.20   75.00
   863   29.29  106.10
   864   24.25   75.03
   865   30.29   92.44
   866   24.24   78.01
   867   29.31  108.00
   868   23.92   76.84
   869   25.54   79.91
   870   25.41   86.44
   871   28.16   93.38
   872   24.99   73.96
   873   33.37  103.70
   874   28.40   86.20
   875   26.47   84.82
   876   28.73   88.32
   877   30.19   93.78
   878   28.82  103.00
   879   29.03   90.46
   880   27.06   76.18
   881   22.33   70.66
   882   29.40   95.70
   883   27.29   82.46
   884   26.62   81.83
   885   21.92   62.55
   886   22.36   70.54
   887   29.38   96.63
   888   30.78  104.10
   889   21.90   73.43
   890   27.53   82.11
   891   22.75   72.78
   892   23.41   70.69
   893   20.91   71.97
   894   28.48   89.13
   895   28.76   83.36
   896   30.54   94.67
   897   22.57   67.91
   898   32.22  102.20
   899   26.15   85.12
   900   24.09   82.52
   901   21.99   77.02
   902   27.05   83.80
   903   32.40  102.90
   904   26.32   85.21
   905   32.29  118.40
   906   29.01   92.00
   907   24.44   71.48
   908   26.60   78.92
   909   27.21   92.11
   910   24.73   74.95
   911   22.45   72.91
   912   33.40  119.30
   913   27.57   90.35
   914   25.38   72.78
   915   19.96   64.24
   916   20.92   76.01
   917   28.88  110.80
   918   24.11   77.17
   919   26.34   82.66
   920   27.41   83.86
   921   32.70  106.40
   922   21.96   69.75
   923   20.63   56.46
   924   22.98   67.50
   925   23.44   73.48
   926   26.98   77.58
   927   22.82   69.82
   928   27.82   93.99
   929   27.97   85.84
   930   19.21   55.74
   931   24.39   77.28
   932   28.38   92.94
   933   23.41   83.61
   934   23.08   64.57
   935   27.75   83.97
   936   33.01   95.27
   937   22.27   74.21
   938   27.59   88.12
   939   27.49   89.35
   940   22.72   64.01
   941   27.19   85.86
   942   24.34   80.60
   943   27.65   90.34
   944   30.98   99.67
   945   25.80   85.36
   946   30.59   94.23
   947   33.58  114.20
   948   22.42   69.33
   949   25.85   86.46
   950   21.46   70.37
   951   29.11   97.91
   952   26.25   79.90
   953   19.89   63.32
   954   36.38  119.60
   955   28.11   93.92
   956   31.53  104.60
   957   28.82   95.02
   958   27.49   89.33
   959   26.50   85.19
   960   26.43   77.42
   961   22.01   71.35
   962   22.57   77.69
   963   21.98   68.70
   964   21.54   66.18
   965   23.20   72.96
   966   18.11   51.88
   967   29.74  100.80
   968   25.90   84.32
   969   27.61   81.77
   970   22.36   67.25
   971   26.39   80.51
   972   24.35   71.39
   973   20.53   60.66
   974   30.69  104.20
   975   25.60   86.75
   976   37.13  118.40
   977   20.22   71.22
   978   20.31   58.91
   979   27.11   87.02
   980   27.16   82.30
   981   23.19   65.77
   982   22.70   71.49
   983   22.22   74.60
   984   32.61  102.20
   985   25.70   84.02
   986   19.76   61.09
   987   25.19   74.49
   988   25.69   92.86
   989   22.62   79.13
   990   30.59  103.60
   991   23.08   71.41
   992   27.52   82.54
   993   31.18  105.70
   994   25.14   75.73
   995   22.52   68.76
   996   34.03  116.00
   997   27.84   89.40
   998   29.00   92.54
   999   34.55  117.50
  1000   23.33   82.52
  1001   25.93   79.85
  1002   19.48   61.22
  1003   22.02   76.83
  1004   31.71  106.20
  1005   24.81   82.74
  1006   26.65   86.65
  1007   25.91   79.39
  1008   26.82   91.90
  1009   29.06   95.64
  1010   22.90   64.80
  1011   26.49   79.45
  1012   26.27   80.74
  1013   29.79   96.54
  1014   38.74  128.30
  1015   29.09   92.54
  1016   21.20   65.95
  1017   24.81   79.05
  1018   25.18   77.49
  1019   30.01  100.60
  1020   28.26  102.00
  1021   20.24   63.61
  1022   28.31   92.87
  1023   23.01   68.02
  1024   29.02   91.90
  1025   29.63  104.60
  1026   25.07   75.08
  1027   22.83   75.71
  1028   29.86   93.45
  1029   26.01   78.90
  1030   34.77  110.30
  1031   33.82  106.60
  1032   22.21   69.53
  1033   23.34   67.16
  1034   25.76   81.88
  1035   27.34   95.65
  1036   25.21   88.17
  1037   21.90   69.86
  1038   28.80   98.71
  1039   32.37  107.10
  1040   29.97   92.37
  1041   25.76   85.95
  1042   28.45   89.43
  1043   30.47  104.90
  1044   18.97   59.62
  1045   22.58   70.15
  1046   23.69   69.10
  1047   31.04  105.00
  1048   28.24   96.15
  1049   20.41   72.27
  1050   18.69   55.19
  1051   24.78   71.34
  1052   24.15   69.99
  1053   28.80   91.73
  1054   24.93   72.24
  1055   23.22   75.98
  1056   33.90  100.80
  1057   33.77  112.60
  1058   27.63   89.45
  1059   19.57   61.91
  1060   25.79   79.48
  1061   25.83   79.97
  1062   24.81   83.61
  1063   24.12   82.23
  1064   24.62   72.81
  1065   22.24   74.69
  1066   26.88   87.82
  1067   27.71   95.81
  1068   28.14   74.89
  1069   29.96  108.10
  1070   23.31   73.05
  1071   31.04  106.70
  1072   30.30   89.52
  1073   25.88   80.40
  1074   21.67   65.28
  1075   27.36   83.99
  1076   20.75   64.51
  1077   23.32   78.76
  1078   27.60   94.77
  1079   27.24   83.83
  1080   26.56   87.94
  1081   22.85   78.23
  1082   32.03  106.40
  1083   23.36   76.92
  1084   22.31   72.29
  1085   27.97   95.57
  1086   21.06   62.97
  1087   19.44   58.04
  1088   19.38   61.77
  1089   29.93  109.70
  1090   27.00   85.65
  1091   27.96   90.06
  1092   25.50   85.21
  1093   21.66   63.43
  1094   30.49   88.60
  1095   22.02   61.90
  1096   23.44   65.08
  1097   29.19   87.39
  1098   30.21   90.73
  1099   20.32   62.61
  1100   27.23   89.05
  1101   26.32   84.48
  1102   27.85   95.14
  1103   29.66   93.77
  1104   20.22   70.36
  1105   30.38   98.86
  1106   26.00   84.99
  1107   21.57   70.27
  1108   32.99  106.80
  1109   21.02   63.35
  1110   23.59   85.47
  1111   25.36   81.32
  1112   22.58   65.38
  1113   23.79   91.70
  1114   22.16   69.76
  1115   25.23   78.97
  1116   25.79   85.35
  1117   23.94   76.59
  1118   25.58   82.59
  1119   32.11  101.20
  1120   28.47   84.77
  1121   30.63   96.88
  1122   22.51   77.00
  1123   22.50   78.03
  1124   26.22   79.38
  1125   28.02   89.82
  1126   29.57  100.90
  1127   18.96   63.22
  1128   23.70   78.16
  1129   33.48  117.90
  1130   25.55   74.21
  1131   23.25   69.37
  1132   21.59   71.14
  1133   25.47   82.79
  1134   18.61   60.48
  1135   23.41   68.73
  1136   29.37   89.55
  1137   27.27   83.60
  1138   27.39   80.86
  1139   26.01   86.04
  1140   20.22   62.13
  1141   25.46   81.95
  1142   29.63   93.34
  1143   22.66   81.30
  1144   28.58   84.50
  1145   20.01   63.63
  1146   23.76   76.88
  1147   34.33   99.81
  1148   21.02   62.82
  1149   24.96   79.10
  1150   34.31  115.80
  1151   34.52  116.80
  1152   25.95   92.00
  1153   21.80   68.53
  1154   22.64   79.69
  1155   27.82   88.49
  1156   22.82   66.38
  1157   19.55   59.13
  1158   23.64   77.05
  1159   28.34   96.92
  1160   29.10   84.41
  1161   20.94   65.18
  1162   22.32   78.77
  1163   21.47   65.92
  1164   18.33   55.63
  1165   27.18   74.19
  1166   27.39   81.84
  1167   22.14   69.20
  1168   23.41   74.39
  1169   24.32   82.03
  1170   24.76   74.80
  1171   26.00   76.76
  1172   23.24   84.66
  1173   19.00   59.76
  1174   19.37   57.24
  1175   27.70   95.62
  1176   17.61   53.47
  1177   31.11  103.30
  1178   28.89   88.06
  1179   21.22   61.98
  1180   24.73   76.18
  1181   33.04  110.10
  1182   20.85   67.58
  1183   28.04  103.30
  1184   29.56   91.39
  1185   22.76   75.08
  1186   27.83   83.50
  1187   26.24   82.55
  1188   29.13   93.52
  1189   22.98   70.08
  1190   28.09   93.52
  1191   32.29  102.30
  1192   22.26   67.30
  1193   24.29   68.89
  1194   21.17   75.01
  1195   29.05   80.41
  1196   23.23   72.04
  1197   20.42   60.74
  1198   24.59   81.12
  1199   28.84   86.36
  1200   30.07  100.50
  1201   25.81   77.31
  1202   29.05   93.58
  1203   24.20   72.97
  1204   25.84   78.36
  1205   25.63   82.83
  1206   27.65   93.32
  1207   19.10   57.74
  1208   24.93   86.41
  1209   27.92   86.08
  1210   25.81   83.64
  1211   22.37   73.68
  1212   29.90   92.40
  1213   23.06   71.18
  1214   19.85   62.72
  1215   24.37   74.08
  1216   22.90   77.77
  1217   22.84   71.13
  1218   27.34   87.69
  1219   25.16   79.44
  1220   23.29   76.87
  1221   22.80   78.95
  1222   24.64   79.82
  1223   27.59   92.66
  1224   27.73   90.74
  1225   30.62   96.53
  1226   26.39   89.44
  1227   32.90  103.70
  1228   22.04   60.46
  1229   22.70   82.95
  1230   29.69   92.70
  1231   26.63   87.30
  1232   29.98   91.75
  1233   26.65   93.71
  1234   23.14   62.80
  1235   19.36   50.05
  1236   24.84   71.72
  1237   25.77   89.49
  1238   24.22   81.75
  1239   26.39   90.29
  1240   28.83   86.60
  1241   32.68  103.70
  1242   24.77   77.19
  1243   27.21   89.70
  1244   23.09   71.84
  1245   25.45   80.50
  1246   23.56   83.36
  1247   29.52   91.89
  1248   31.74   94.51
  1249   26.42   82.97
  1250   22.56   64.69
  1251   19.38   52.22
  1252   23.17   72.72
  1253   23.12   74.20
  1254   22.95   76.26
  1255   28.44   99.00
  1256   28.69   85.39
  1257   27.94  100.30
  1258   24.45   77.67
  1259   35.13  129.30
  1260   29.01   98.73
  1261   30.88   93.73
  1262   21.78   71.10
  1263   32.46  111.10
  1264   29.67   97.12
  1265   25.70   87.95
  1266   26.22   86.78
  1267   25.90   83.49
  1268   20.95   65.97
  1269   26.05   75.54
  1270   27.91   85.85
  1271   25.71   85.39
  1272   32.51  108.30
  1273   23.24   72.88
  1274   26.13   83.64
  1275   29.19   84.51
  1276   25.77   76.15
  1277   25.59   77.76
  1278   30.32  104.30
  1279   23.16   73.90
  1280   24.52   78.78
  1281   23.38   74.86
  1282   29.96   94.91
  1283   23.40   79.64
  1284   31.76  114.00
  1285   26.56   88.65
  1286   24.30   71.02
  1287   28.44   88.36
  1288   21.56   62.00
  1289   27.57   92.54
  1290   29.91   97.94
  1291   30.83   96.69
  1292   20.09   60.35
  1293   23.72   74.15
  1294   24.41   87.17
  1295   25.37   86.22
  1296   25.59   85.15
  1297   22.89   71.30
  1298   24.45   82.52
  1299   25.79   98.34
  1300   31.33  101.60
  1301   35.72  109.80
  1302   31.38  103.10
  1303   25.83   77.42
  1304   29.97  103.90
  1305   27.51   79.67
  1306   25.61   76.15
  1307   27.06   87.25
  1308   20.42   69.23
  1309   28.58   97.86
  1310   30.23   98.50
  1311   25.73   85.91
  1312   20.95   62.23
  1313   26.11   77.49
  1314   30.03   96.25
  1315   17.26   55.10
  1316   28.28   87.84
  1317   29.81   95.72
  1318   21.15   69.66
  1319   21.13   64.52
  1320   23.67   72.49
  1321   29.96   92.63
  1322   26.90   77.42
  1323   28.89   88.25
  1324   30.03   95.90
  1325   20.72   64.37
  1326   22.04   67.25
  1327   26.28   89.95
  1328   25.37   81.79
  1329   25.39   86.14
  1330   23.91   72.04
  1331   23.56   73.85
  1332   27.96   87.78
  1333   26.75   80.06
  1334   27.99   88.73
  1335   24.68   80.36
  1336   23.55   68.06
  1337   25.99   89.82
  1338   23.20   66.86
  1339   30.51  105.30
  1340   30.21   88.85
  1341   26.93   81.59
  1342   22.39   76.46
  1343   21.79   69.76
  1344   28.02   90.02
  1345   21.39   68.45
  1346   24.89   74.24
  1347   30.03   91.25
  1348   36.99  123.50
  1349   27.30   94.59
  1350   25.49   79.11
  1351   23.12   69.65
  1352   20.38   66.81
  1353   29.46  100.60
  1354   29.25   89.05
  1355   27.26   94.33
  1356   32.57  109.20
  1357   25.71   84.86
  1358   28.79   94.17
  1359   23.87   86.94
  1360   24.48   81.98
  1361   23.38   74.79
  1362   28.93   89.17
  1363   31.39  111.30
  1364   21.36   63.02
  1365   25.98   90.93
  1366   24.31   66.62
  1367   26.46   83.82
  1368   24.49   70.81
  1369   27.80   93.68
  1370   33.21  106.00
  1371   32.22  103.30
  1372   23.42   86.73
  1373   23.07   81.65
  1374   31.71  110.30
  1375   24.86   87.03
  1376   23.85   70.77
  1377   20.10   58.03
  1378   22.76   67.88
  1379   29.36   95.46
  1380   19.37   60.30
  1381   27.87   89.75
  1382   31.96  100.80
  1383   25.14   76.61
  1384   17.12   52.90
  1385   26.66   88.65
  1386   20.12   60.77
  1387   24.98   77.90
  1388   21.59   72.07
  1389   21.61   71.45
  1390   34.45  111.60
  1391   24.34   72.07
  1392   25.68   83.56
  1393   22.39   72.39
  1394   22.94   78.11
  1395   27.56   88.13
  1396   29.94  101.00
  1397   32.02  100.90
  1398   24.49   76.80
  1399   22.63   69.27
  1400   24.88   75.18
  1401   22.57   71.05
  1402   33.02  117.40
  1403   25.38   82.94
  1404   29.95  101.10
  1405   27.44   89.14
  1406   23.24   66.78
  1407   22.73   68.61
  1408   22.09   75.69
  1409   21.77   71.32
  1410   26.91   88.07
  1411   29.16   96.95
  1412   27.51   92.82
  1413   22.48   69.34
  1414   21.48   75.35
  1415   24.54   86.01
  1416   30.32  103.70
  1417   28.99   88.09
  1418   24.97   81.16
  1419   23.37   71.02
  1420   24.98   87.71
  1421   27.82   80.39
  1422   19.95   72.90
  1423   29.18   85.67
  1424   24.56   76.50
  1425   31.53  101.90
  1426   24.43   68.25
  1427   18.92   58.69
  1428   24.54   81.32
  1429   27.40   91.67
  1430   20.86   66.42
  1431   21.00   69.21
  1432   23.67   70.57
  1433   26.04   77.88
  1434   24.83   91.57
  1435   27.44   75.54
  1436   21.45   73.38
  1437   32.99  100.20
  1438   30.42   95.12
  1439   32.33   98.61
  1440   23.93   76.98
  1441   24.04   69.92
  1442   22.54   65.85
  1443   17.66   52.75
  1444   21.54   74.98
  1445   22.43   69.00
  1446   24.55   76.56
  1447   26.67   80.17
  1448   30.92   97.91
  1449   23.47   81.54
  1450   26.15   86.79
  1451   35.70  112.50
  1452   22.64   63.63
  1453   22.38   80.79
  1454   23.21   78.50
  1455   27.72   80.53
  1456   26.38   71.73
  1457   30.00   94.83
  1458   25.98   84.74
  1459   21.93   66.76
  1460   24.48   78.33
  1461   28.64   90.87
  1462   25.58   78.75
  1463   19.76   58.60
  1464   25.62   74.41
  1465   20.10   62.32
  1466   21.30   66.94
  1467   27.17   90.59
  1468   21.96   65.73
  1469   31.60  101.90
  1470   27.60   78.17
  1471   26.44   87.27
  1472   25.28   86.28
  1473   27.57   90.23
  1474   22.96   73.90
  1475   23.43   67.88
  1476   24.12   79.28
  1477   23.67   77.70
  1478   21.33   62.05
  1479   25.95   97.76
  1480   26.48   91.06
  1481   30.94   89.33
  1482   27.62   83.86
  1483   30.57   97.93
  1484   25.22   69.79
  1485   25.82   72.64
  1486   26.45   78.85
  1487   23.43   77.68
  1488   27.64   87.52
  1489   23.48   67.27
  1490   28.62   92.36
  1491   27.47   90.22
  1492   33.90  118.10
  1493   29.72   99.32
  1494   33.80  103.70
  1495   30.79  107.80
  1496   22.96   83.76
  1497   26.32   74.76
  1498   19.79   70.74
  1499   28.25   99.79
  1500   25.46   92.58
  1501   21.30   62.10
  1502   21.53   66.60
  1503   32.72  104.60
  1504   23.74   81.74
  1505   29.10   95.12
  1506   30.03   97.71
  1507   27.19   83.10
  1508   24.29   88.83
  1509   24.49   68.21
  1510   21.04   56.58
  1511   30.47  102.10
  1512   30.94  102.50
  1513   21.27   76.07
  1514   35.05  106.80
  1515   30.77  109.40
  1516   27.23   98.76
  1517   27.95   80.71
  1518   27.35   84.98
  1519   21.56   70.17
  1520   26.94   86.95
  1521   21.03   70.91
  1522   29.09   96.15
  1523   18.48   64.46
  1524   21.02   69.43
  1525   25.49   83.07
  1526   23.77   76.53
  1527   27.71   94.24
  1528   18.27   56.93
  1529   26.96   94.34
  1530   24.27   75.23
  1531   33.59  101.60
  1532   29.27   98.81
  1533   34.13  106.00
  1534   27.22   82.54
  1535   30.83   97.79
  1536   23.46   68.91
  1537   25.16   71.41
  1538   33.08  102.60
  1539   22.01   63.13
  1540   24.19   72.70
  1541   27.47   93.43
  1542   25.80   77.19
  1543   30.00   90.66
  1544   31.99  102.90
  1545   18.05   60.77
  1546   20.91   64.18
  1547   19.89   63.23
  1548   27.95   93.46
  1549   25.46   85.29
  1550   24.80   75.11
  1551   35.44  106.10
  1552   21.75   70.98
  1553   27.57   88.24
  1554   23.00   67.26
  1555   28.69   97.34
  1556   20.16   65.30
  1557   21.02   66.80
  1558   28.92   86.64
  1559   28.34  101.90
  1560   27.63   88.84
  1561   28.20   92.24
  1562   22.51   74.58
  1563   27.91   98.42
  1564   25.03   84.89
  1565   30.44  111.20
  1566   28.34   93.47
  1567   27.40   89.18
  1568   29.36   92.71
  1569   19.17   52.94
  1570   27.43   97.24
  1571   23.80   79.18
  1572   29.92   92.21
  1573   37.66  131.50
  1574   26.97   83.17
  1575   24.92   79.62
  1576   20.39   66.67
  1577   22.66   73.03
  1578   26.02   89.89
  1579   23.02   73.10
  1580   25.52   87.81
  1581   22.32   63.76
  1582   23.00   81.90
  1583   29.68   92.27
  1584   21.86   69.59
  1585   21.60   73.33
  1586   24.30   80.19
  1587   26.93   84.81
  1588   29.43  100.90
  1589   26.69   92.62
  1590   19.74   59.99
  1591   31.79  116.70
  1592   23.32   67.85
  1593   23.08   69.88
  1594   25.09   84.04
  1595   20.71   68.14
  1596   25.78   88.48
  1597   24.52   93.02
  1598   21.92   64.47
  1599   24.32   74.26
  1600   32.36  108.70
  1601   23.71   71.57
  1602   27.15   83.82
  1603   23.28   71.71
  1604   21.84   65.74
  1605   28.87   98.09
  1606   23.47   74.41
  1607   23.15   68.59
  1608   25.53   80.45
  1609   19.44   55.70
  1610   29.84   96.97
  1611   22.07   82.53
  1612   32.36  109.20
  1613   28.73   86.99
  1614   18.84   55.65
  1615   30.06   90.98
  1616   23.75   73.68
  1617   26.89   85.44
  1618   29.45   89.36
  1619   28.62   91.90
  1620   23.26   77.67
  1621   26.16   80.79
  1622   32.20  114.30
  1623   26.03   80.84
  1624   22.53   72.06
  1625   23.88   74.81
  1626   19.73   61.98
  1627   29.44   97.63
  1628   18.51   52.67
  1629   26.39   87.66
  1630   23.61   78.13
  1631   23.82   66.87
  1632   29.90   98.41
  1633   23.45   78.04
  1634   27.41   98.47
  1635   22.58   67.61
  1636   21.55   59.90
  1637   26.83   78.92
  1638   26.60   86.39
  1639   29.90  100.90
  1640   30.07   91.96
  1641   30.41   99.27
  1642   22.77   75.66
  1643   25.29   90.78
  1644   25.73   80.72
  1645   22.73   64.89
  1646   30.91   97.45
  1647   27.56   95.98
  1648   28.88   97.84
  1649   34.60  119.60
  1650   24.16   71.68
  1651   30.79   97.57
  1652   28.22   93.53
  1653   26.67   90.00
  1654   24.48   77.68
  1655   32.55  100.80
  1656   27.05   83.06
  1657   31.33   91.12
  1658   32.45   93.83
  1659   24.49   76.14
  1660   31.14  102.80
  1661   23.23   80.66
  1662   19.83   61.41
  1663   26.57   85.43
  1664   26.26   80.77
  1665   27.14   88.36
  1666   21.97   70.36
  1667   30.27  106.10
  1668   21.50   66.21
  1669   27.03   86.91
  1670   21.81   61.29
  1671   26.49   92.69
  1672   28.86   99.60
  1673   27.42   84.96
  1674   30.93   88.43
  1675   23.91   76.65
  1676   22.14   59.52
  1677   27.19   88.67
  1678   27.23   97.64
  1679   30.45  100.20
  1680   23.48   68.14
  1681   27.43   90.57
  1682   24.22   80.19
  1683   19.24   57.71
  1684   30.94   94.88
  1685   25.31   84.60
  1686   22.18   77.59
  1687   23.07   73.10
  1688   31.73  106.60
  1689   29.44   98.12
  1690   33.43  109.30
  1691   23.84   85.75
  1692   23.15   81.04
  1693   27.50   87.41
  1694   27.12   86.76
  1695   22.80   73.00
  1696   23.05   74.04
  1697   20.17   67.40
  1698   23.84   76.82
  1699   25.81   77.82
  1700   24.38   85.70
  1701   23.41   72.48
  1702   27.30   87.61
  1703   30.74   96.21
  1704   31.99   94.12
  1705   28.33   92.62
  1706   26.05   80.36
  1707   24.60   78.31
  1708   27.21   82.12
  1709   22.18   65.24
  1710   20.15   65.40
  1711   28.34   85.33
  1712   24.61   70.46
  1713   28.98   98.36
  1714   20.94   70.82
  1715   26.59   85.13
  1716   28.28   89.29
  1717   31.21  102.30
  1718   19.64   62.19
  1719   24.06   87.93
  1720   26.33   95.43
  1721   25.07   78.56
  1722   20.10   69.76
  1723   19.07   60.76
  1724   28.91   83.02
  1725   24.57   84.60
  1726   31.05  104.20
  1727   25.89   77.75
  1728   28.97   81.84
  1729   21.36   60.60
  1730   23.99   72.90
  1731   22.80   70.57
  1732   20.39   62.64
  1733   27.97   97.81
  1734   24.09   65.18
  1735   22.63   67.01
  1736   27.54   90.17
  1737   24.71   76.04
  1738   24.95   78.07
  1739   24.87   78.50
  1740   19.01   66.91
  1741   30.58   89.77
  1742   22.23   66.63
  1743   23.92   75.77
  1744   23.95   68.00
  1745   29.80   85.33
  1746   28.91   98.60
  1747   26.39   88.59
  1748   23.48   73.91
  1749   24.69   68.72
  1750   26.40   80.25
  1751   23.18   74.94
  1752   30.65  111.70
  1753   24.64   77.97
  1754   25.01   72.66
  1755   23.08   69.38
  1756   21.01   72.24
  1757   26.42   87.35
  1758   29.52  104.10
  1759   25.46   79.99
  1760   33.85  109.30
  1761   26.87   78.18
  1762   27.99   83.13
  1763   31.49  107.20
  1764   23.39   74.20
  1765   31.95  101.50
  1766   28.46   87.62
  1767   30.02   92.52
  1768   24.99   74.01
  1769   28.16   96.61
  1770   21.53   65.99
  1771   25.28   87.49
  1772   27.17   90.62
  1773   19.75   64.46
  1774   22.78   82.57
  1775   28.17  104.70
  1776   26.01   85.37
  1777   24.28   67.60
  1778   25.93   91.15
  1779   26.63   83.53
  1780   27.78   86.25
  1781   26.13   90.68
  1782   29.52   99.60
  1783   23.27   70.12
  1784   26.22   86.47
  1785   25.85   74.47
  1786   31.52  101.60
  1787   26.35   88.03
  1788   25.27   77.27
  1789   19.26   52.60
  1790   30.90  101.10
  1791   21.04   65.19
  1792   33.54  111.70
  1793   31.66  103.50
  1794   25.21   82.17
  1795   22.08   66.85
  1796   30.03   96.39
  1797   28.42   94.95
  1798   33.72  118.40
  1799   24.97   76.06
  1800   29.11   96.16
  1801   27.37   85.68
  1802   23.00   72.42
  1803   26.73   80.15
  1804   22.28   68.51
  1805   20.84   70.79
  1806   25.28   74.18
  1807   20.71   65.85
  1808   27.90   81.13
  1809   28.13   90.84
  1810   32.36  106.30
  1811   25.40   81.54
  1812   27.24   77.53
  1813   30.32   93.36
  1814   30.39  104.30
  1815   21.92   68.65
  1816   32.22  115.20
  1817   21.98   65.02
  1818   21.94   65.71
  1819   23.28   71.03
  1820   27.75   78.54
  1821   28.59   92.11
  1822   31.78  106.10
  1823   30.02   90.95
  1824   27.13   76.20
  1825   32.20  110.30
  1826   30.07   99.83
  1827   21.10   62.00
  1828   29.77  103.90
  1829   22.18   77.06
  1830   27.67   92.82
  1831   26.58   78.68
  1832   24.11   74.02
  1833   35.50  124.70
  1834   25.63   84.68
  1835   31.69   95.01
  1836   28.63   90.57
  1837   25.83   77.14
  1838   27.57   82.73
  1839   26.72   92.57
  1840   25.15   72.78
  1841   30.41  105.60
  1842   24.78   88.54
  1843   21.56   81.69
  1844   24.43   75.46
  1845   29.79   93.85
  1846   24.16   73.79
  1847   27.70   87.18
  1848   28.07   82.38
  1849   25.67   82.62
  1850   30.73   98.89
  1851   33.92  108.10
  1852   25.59   86.88
  1853   23.89   72.47
  1854   17.67   50.08
  1855   32.87  108.40
  1856   30.45  103.10
  1857   26.62   82.75
  1858   25.48   85.80
  1859   30.84  103.00
  1860   25.59   82.48
  1861   25.69   82.16
  1862   25.81   82.48
  1863   25.02   81.45
  1864   25.90   88.40
  1865   29.25   93.62
  1866   24.97   82.78
  1867   24.91   73.97
  1868   29.21   96.60
  1869   26.24   82.47
  1870   21.20   77.92
  1871   21.95   72.58
  1872   27.06   92.63
  1873   23.96   80.00
  1874   23.19   71.89
  1875   31.86  106.60
  1876   25.21   90.44
  1877   22.07   68.72
  1878   27.82   83.13
  1879   31.88  108.10
  1880   26.07   82.60
  1881   25.94   87.74
  1882   34.28  109.60
  1883   21.03   67.90
  1884   27.21   78.07
  1885   22.22   64.69
  1886   32.02  108.60
  1887   26.70   86.32
  1888   22.20   72.90
  1889   26.62   80.36
  1890   27.40   90.20
  1891   31.10  103.50
  1892   25.76   80.72
  1893   27.02   85.70
  1894   22.96   70.10
  1895   31.85   94.48
  1896   25.27   94.06
  1897   22.00   68.55
  1898   25.39   88.87
  1899   25.68   81.95
  1900   23.96   71.30
  1901   22.69   64.49
  1902   21.52   68.92
  1903   21.21   63.75
  1904   29.12   89.97
  1905   28.11   89.36
  1906   30.33  104.60
  1907   21.39   64.93
  1908   24.25   77.21
  1909   23.75   77.11
  1910   22.87   76.21
  1911   32.64  102.80
  1912   22.84   69.18
  1913   29.09  102.00
  1914   33.39   98.66
  1915   31.54   97.20
  1916   31.30   99.42
  1917   21.54   67.94
  1918   22.47   63.43
  1919   17.99   65.35
  1920   20.61   67.00
  1921   25.20   76.72
  1922   34.38  129.50
  1923   21.23   67.87
  1924   22.96   63.47
  1925   26.19   83.16
  1926   28.47   98.40
  1927   22.86   70.64
  1928   26.26   80.73
  1929   24.80   74.14
  1930   21.28   68.08
  1931   22.67   75.96
  1932   33.24  114.50
  1933   21.86   61.77
  1934   29.16  102.50
  1935   26.78   79.78
  1936   27.91   89.75
  1937   28.99   96.29
  1938   25.80   76.48
  1939   17.91   49.88
  1940   22.65   65.14
  1941   33.14   91.32
  1942   23.02   71.78
  1943   22.68   77.34
  1944   24.46   82.05
  1945   27.64   87.84
  1946   30.26   96.32
  1947   29.22   85.89
  1948   26.64   89.05
  1949   26.62   89.12
  1950   22.92   82.19
  1951   26.06   73.70
  1952   27.56   84.86
  1953   20.96   68.17
  1954   20.34   60.81
  1955   25.25   90.31
  1956   19.23   58.82
  1957   27.89   89.16
  1958   17.90   57.55
  1959   26.02   90.71
  1960   23.64   74.95
  1961   25.89   75.77
  1962   28.78   92.60
  1963   27.98   93.82
  1964   29.52   90.70
  1965   29.87   98.40
  1966   25.83   74.25
  1967   23.95   71.87
  1968   27.47   78.23
  1969   25.78   84.30
  1970   20.43   58.24
  1971   20.81   68.54
  1972   27.69   92.95
  1973   25.88   90.21
  1974   29.66  101.90
  1975   21.02   58.61
  1976   28.69   93.55
  1977   26.88   93.95
  1978   23.07   67.72
  1979   22.62   74.83
  1980   24.05   84.02
  1981   23.29   82.12
  1982   36.00  114.40
  1983   20.94   72.32
  1984   26.59   84.51
  1985   22.13   75.47
  1986   26.88   79.62
  1987   29.11  102.50
  1988   26.89   84.43
  1989   22.62   74.84
  1990   30.36   92.09
  1991   23.91   71.58
  1992   19.72   57.10
  1993   21.06   70.40
  1994   24.62   89.13
  1995   25.45   76.32
  1996   22.53   67.13
  1997   24.48   76.42
  1998   27.75   87.68
  1999   22.79   73.13
  2000   21.22   75.86
