     1   20.56   59.62
     2   19.80   70.28
     3   24.15   80.35
     4   18.40   56.10
     5   17.99   54.74
     6   22.55   65.71
     7   17.40   53.99
     8   23.90   80.76
     9   29.56   88.21
    10   20.32   58.15
    11   17.30   54.68
    12   23.48   80.80
    13   18.97   58.96
    14   25.55   85.28
    15   21.51   72.35
    16   25.05   81.05
    17   24.61   91.27
    18   19.29   60.63
    19   19.41   61.71
    20   26.34   80.93
    21   24.46   82.31
    22   22.56   73.34
    23   22.87   77.12
    24   18.21   53.42
    25   20.16   59.86
    26   21.13   65.32
    27   21.48   67.81
    28   27.02   83.44
    29   24.19   77.71
    30   20.88   64.25
    31   24.21   76.25
    32   17.75   52.24
    33   21.71   69.63
    34   21.25   73.05
    35   24.52   80.19
    36   23.25   68.89
    37   22.97   72.90
    38   23.15   78.12
    39   17.00   51.19
    40   26.49   85.02
    41   24.56   73.87
    42   25.67   75.76
    43   20.64   63.99
    44   29.14   90.91
    45   19.77   59.71
    46   19.79   55.97
    47   18.16   53.41
    48   24.48   86.66
    49   25.94   84.76
    50   20.50   77.40
    51   24.85   76.84
    52   20.13   65.58
    53   24.28   87.62
    54   20.25   58.99
    55   24.74   78.41
    56   24.19   70.12
    57   26.93   94.67
    58   30.18  100.00
    59   19.28   66.44
    60   18.77   55.64
    61   23.39   68.85
    62   22.15   62.78
    63   28.27   90.01
    64   20.74   66.68
    65   28.51   98.89
    66   17.47   52.34
    67   21.69   62.75
    68   19.56   57.04
    69   22.23   75.46
    70   18.95   60.90
    71   17.92   50.09
    72   21.96   72.02
    73   23.46   77.54
    74   24.49   70.68
    75   25.13   87.20
    76   24.93   79.44
    77   27.40   89.04
    78   28.63   98.06
    79   19.99   62.06
    80   32.74  116.00
    81   26.21   83.92
    82   18.28   51.62
    83   30.72  106.90
    84   25.52   79.74
    85   23.59   75.99
    86   22.64   77.75
    87   22.44   72.21
    88   22.46   69.83
    89   24.83   73.54
    90   23.15   71.66
    91   26.32   79.74
    92   23.87   68.52
    93   20.60   57.54
    94   25.92   80.23
    95   17.09   50.04
    96   25.91   88.31
    97   22.31   65.71
    98   21.45   71.71
    99   21.93   64.49
   100   26.51   83.94
   101   26.25   82.04
   102   22.34   69.03
   103   25.56   91.11
   104   19.43   66.25
   105   23.52   76.02
   106   21.77   68.72
   107   22.70   73.10
   108   22.73   71.61
   109   17.36   60.96
   110   19.05   55.81
   111   18.87   55.50
   112   16.80   48.66
   113   17.00   47.75
   114   27.18   94.21
   115   27.24   90.21
   116   28.49   94.62
   117   21.43   65.46
   118   18.89   58.84
   119   20.68   58.37
   120   24.40   89.67
   121   26.64   85.54
   122   23.37   74.04
   123   24.69   76.12
   124   22.37   75.96
   125   26.37   78.96
   126   28.20   81.66
   127   26.09   88.55
   128   20.23   68.13
   129   31.73  107.70
   130   18.84   55.71
   131   19.55   56.45
   132   26.20   82.39
   133   29.30   99.15
   134   18.43   59.86
   135   25.84   85.17
   136   24.40   81.73
   137   20.52   63.11
   138   22.34   66.36
   139   21.66   67.32
   140   21.30   77.75
   141   25.83   86.79
   142   19.01   58.95
   143   21.96   65.24
   144   18.00   56.84
   145   23.26   76.36
   146   19.62   57.53
   147   18.02   59.98
   148   29.58   96.23
   149   18.72   65.91
   150   22.32   76.91
   151   26.31   74.31
   152   20.22   74.37
   153   22.92   71.44
   154   25.88   88.99
   155   17.63   53.76
   156   22.65   67.27
   157   18.93   59.41
   158   26.04   82.96
   159   25.05   84.55
   160   16.43   56.24
   161   23.49   67.91
   162   19.78   60.35
   163   25.13   88.05
   164   18.32   57.24
   165   26.90   90.57
   166   27.64   88.65
   167   16.95   50.29
   168   29.24  104.50
   169   24.39   73.62
   170   22.02   60.80
   171   24.24   73.65
   172   28.73   93.15
   173   23.54   73.65
   174   22.46   78.67
   175   20.95   71.57
   176   25.41   86.26
   177   24.20   75.89
   178   22.20   66.70
   179   28.51  100.90
   180   27.48   98.24
   181   27.07   94.55
   182   20.38   65.30
   183   23.45   68.02
   184   27.34   82.74
   185   20.03   62.35
   186   19.53   65.11
   187   17.78   54.26
   188   17.07   57.25
   189   24.86   79.61
   190   19.21   57.59
   191   21.22   70.15
   192   21.13   70.29
   193   27.07   84.13
   194   20.19   67.06
   195   20.75   64.21
   196   18.58   54.81
   197   22.88   76.46
   198   21.45   68.64
   199   28.61   95.48
   200   25.72   84.38
   201   21.76   69.44
   202   22.39   67.52
   203   24.61   80.10
   204   26.12   91.41
   205   21.74   62.00
   206   23.38   81.54
   207   16.50   49.61
   208   26.77   81.69
   209   23.51   76.98
   210   22.76   78.15
   211   18.29   63.34
   212   18.95   64.30
   213   25.66   91.14
   214   21.72   70.47
   215   24.90   82.33
   216   28.63   91.02
   217   29.51   97.70
   218   20.72   63.76
   219   28.08  101.20
   220   21.63   60.19
   221   19.90   68.37
   222   23.99   70.63
   223   19.07   66.20
   224   20.28   66.79
   225   21.23   71.34
   226   16.17   47.91
   227   21.59   70.46
   228   25.58   87.17
   229   24.48   70.61
   230   25.96   79.53
   231   21.47   67.75
   232   20.28   65.37
   233   23.78   69.32
   234   27.38   87.54
   235   20.61   62.41
   236   28.99   86.77
   237   22.74   70.82
   238   21.65   72.27
   239   21.45   75.67
   240   27.66   95.51
   241   25.48   78.83
   242   20.87   64.07
   243   18.35   56.56
   244   24.42   73.76
   245   26.15   80.21
   246   23.09   75.16
   247   19.72   55.63
   248   29.64  105.80
   249   26.88   81.16
   250   23.80   82.91
   251   26.31   77.24
   252   28.23   99.36
   253   28.29   94.97
   254   23.64   84.08
   255   20.12   53.61
   256   19.64   62.50
   257   19.03   61.15
   258   30.30   94.58
   259   19.14   59.84
   260   26.14   84.33
   261   21.00   66.89
   262   18.79   57.26
   263   21.76   71.46
   264   24.04   76.74
   265   27.89   88.59
   266   24.28   72.46
   267   20.19   59.73
   268   19.86   67.70
   269   26.32   85.75
   270   20.11   65.74
   271   24.29   69.95
   272   23.35   76.38
   273   20.78   62.98
   274   22.13   70.01
   275   17.55   52.98
   276   24.06   76.78
   277   20.53   72.19
   278   20.03   62.31
   279   29.83   97.92
   280   28.84   91.79
   281   21.84   70.28
   282   26.13   78.43
   283   21.91   71.21
   284   23.62   75.67
   285   31.88  110.10
   286   20.46   66.74
   287   17.89   46.26
   288   31.07  111.40
   289   20.76   68.97
   290   22.99   73.50
   291   27.09   78.57
   292   25.41   81.78
   293   20.36   55.85
   294   22.59   71.17
   295   22.42   77.50
   296   22.65   72.70
   297   25.05   81.87
   298   22.50   70.99
   299   19.81   62.70
   300   27.60  101.60
   301   25.77   85.49
   302   22.86   62.74
   303   23.51   78.15
   304   27.42   91.82
   305   22.18   70.67
   306   26.40   89.60
   307   24.53   76.95
   308   17.49   52.75
   309   21.69   65.22
   310   19.71   72.12
   311   18.42   54.48
   312   26.20   83.84
   313   20.21   69.73
   314   25.48   86.18
   315   23.33   84.08
   316   21.02   75.97
   317   28.19   83.26
   318   23.25   78.32
   319   19.68   56.05
   320   25.51   83.76
   321   27.53   76.51
   322   25.89   80.20
   323   27.06   92.34
   324   23.58   75.13
   325   21.31   67.45
   326   19.79   63.58
   327   21.44   73.42
   328   20.23   68.59
   329   26.39   82.97
   330   19.81   62.20
   331   23.62   74.32
   332   20.65   60.53
   333   19.63   72.26
   334   23.74   69.03
   335   21.55   70.29
   336   26.16   85.80
   337   20.46   64.95
   338   21.13   68.52
   339   29.89   98.45
   340   22.01   69.62
   341   20.55   63.10
   342   19.11   59.89
   343   26.78   95.09
   344   23.54   74.51
   345   18.65   56.17
   346   19.50   59.79
   347   21.33   73.85
   348   29.42  104.10
   349   25.93   86.19
   350   21.31   63.54
   351   21.46   70.60
   352   18.51   60.57
   353   18.16   65.28
   354   22.64   72.20
   355   22.71   82.05
   356   23.98   86.00
   357   22.25   71.89
   358   23.37   78.10
   359   29.48   92.61
   360   26.25   90.82
   361   16.91   56.71
   362   21.21   74.68
   363   22.36   76.24
   364   28.93  102.70
   365   26.86   92.10
   366   23.04   73.75
   367   29.74  102.70
   368   17.68   56.43
   369   17.08   57.13
   370   20.84   62.60
   371   29.66  101.70
   372   26.28   86.49
   373   20.77   61.26
   374   21.42   66.32
   375   21.88   76.21
   376   24.04   74.94
   377   20.01   66.24
   378   20.45   60.55
   379   15.76   54.47
   380   23.81   67.25
   381   19.74   60.41
   382   18.65   67.89
   383   29.06   96.24
   384   25.01   76.83
   385   24.04   76.80
   386   30.99  107.10
   387   23.20   72.51
   388   24.08   75.80
   389   27.82   85.33
   390   29.37   95.84
   391   22.55   65.74
   392   24.98   81.62
   393   27.32   82.93
   394   22.33   71.86
   395   23.49   82.50
   396   17.48   55.05
   397   19.25   67.52
   398   21.32   67.77
   399   21.09   72.38
   400   20.37   70.18
   401   30.79  102.60
   402   24.07   80.03
   403   22.60   66.80
   404   25.02   87.15
   405   28.63  102.00
   406   29.24   96.53
   407   23.70   81.75
   408   21.17   74.46
   409   24.39   73.37
   410   26.41   86.10
   411   20.90   71.14
   412   26.73   85.54
   413   24.92   78.60
   414   25.84   82.71
   415   28.21   91.83
   416   24.36   84.31
   417   24.96   81.05
   418   16.80   51.83
   419   30.81   98.08
   420   21.59   71.00
   421   25.06   80.91
   422   19.55   57.67
   423   24.23   72.13
   424   25.60   85.80
   425   20.67   63.31
   426   29.86  104.10
   427   24.68   76.18
   428   29.44  100.10
   429   30.89  102.60
   430   25.06   77.72
   431   18.91   55.20
   432   24.70   89.58
   433   27.36   89.37
   434   17.86   59.38
   435   20.81   66.12
   436   20.71   71.29
   437   22.45   68.38
   438   20.06   65.48
   439   23.86   76.62
   440   20.22   59.17
   441   23.38   87.14
   442   21.74   70.37
   443   22.72   74.50
   444   22.13   69.98
   445   30.09  107.40
   446   20.55   64.45
   447   19.82   62.80
   448   22.91   76.55
   449   19.22   56.90
   450   26.43   84.39
   451   25.63   77.48
   452   21.58   63.87
   453   24.30   74.32
   454   21.74   64.50
   455   17.98   57.97
   456   19.15   60.02
   457   20.77   73.31
   458   26.08   76.12
   459   27.62   83.59
   460   19.17   56.18
   461   23.27   69.78
   462   22.28   82.31
   463   30.08   97.92
   464   23.35   78.87
   465   17.44   48.28
   466   18.41   59.55
   467   18.81   61.46
   468   22.63   65.46
   469   18.30   63.69
   470   26.08   81.32
   471   21.84   70.80
   472   23.20   67.14
   473   23.20   70.29
   474   23.97   74.25
   475   17.31   49.65
   476   21.71   82.16
   477   20.05   58.32
   478   18.09   52.33
   479   22.18   74.72
   480   17.92   60.02
   481   18.14   59.39
   482   22.40   72.34
   483   26.51   85.52
   484   23.09   71.47
   485   22.30   68.21
   486   24.66   75.88
   487   20.72   66.51
   488   18.28   59.98
   489   22.70   71.13
   490   22.44   72.36
   491   24.53   75.80
   492   24.25   73.13
   493   23.51   67.46
   494   23.97   71.32
   495   20.10   53.32
   496   21.47   65.62
   497   22.86   61.82
   498   27.31  100.20
   499   22.89   78.38
   500   25.74   88.31
   501   21.77   72.36
   502   23.12   74.63
   503   29.42   95.67
   504   20.56   60.05
   505   27.53   93.85
   506   20.59   61.03
   507   24.89   95.27
   508   22.41   81.30
   509   25.75   72.44
   510   19.46   68.19
   511   22.80   73.06
   512   23.53   76.44
   513   27.64  100.60
   514   30.29   97.69
   515   22.63   60.72
   516   25.88   76.81
   517   22.18   73.57
   518   26.47   86.31
   519   25.15   83.08
   520   20.71   65.13
   521   25.47   87.09
   522   25.85   84.01
   523   29.68  100.60
   524   25.12   77.79
   525   19.72   64.08
   526   28.79   98.86
   527   20.99   58.12
   528   23.20   78.04
   529   28.92   92.06
   530   20.44   67.59
   531   22.15   65.17
   532   20.62   58.50
   533   24.91   86.36
   534   19.82   62.60
   535   29.32  103.50
   536   18.65   56.87
   537   26.22   76.73
   538   28.58   96.92
   539   22.93   71.50
   540   19.18   58.26
   541   24.43   83.02
   542   23.35   72.04
   543   27.12   91.20
   544   19.40   59.22
   545   20.72   69.85
   546   26.00   80.66
   547   25.36   78.71
   548   17.33   60.64
   549   23.41   71.24
   550   27.20   80.68
   551   25.63   71.97
   552   26.36   80.11
   553   25.67   73.67
   554   19.19   60.07
   555   18.13   53.48
   556   25.60   70.99
   557   28.68   86.47
   558   20.92   69.57
   559   25.35   87.07
   560   18.74   56.18
   561   20.54   59.39
   562   19.98   59.64
   563   28.15   95.02
   564   20.88   57.85
   565   24.47   81.60
   566   21.17   72.75
   567   28.01   87.58
   568   26.27   82.89
   569   18.90   56.81
   570   26.15   87.52
   571   20.44   71.39
   572   18.03   60.48
   573   19.50   58.17
   574   20.00   65.71
   575   19.50   64.88
   576   22.89   77.12
   577   22.74   68.45
   578   19.70   66.39
   579   30.00   95.45
   580   21.52   79.72
   581   19.56   59.26
   582   20.83   63.13
   583   26.42   82.21
   584   17.97   54.16
   585   22.24   61.40
   586   22.44   70.93
   587   28.33   94.81
   588   25.71   84.28
   589   21.04   64.96
   590   19.62   62.37
   591   24.30   85.17
   592   28.18   92.97
   593   25.35   75.89
   594   17.03   51.20
   595   25.22   77.16
   596   19.38   55.66
   597   22.34   75.08
   598   18.12   59.72
   599   23.45   65.77
   600   19.16   57.83
   601   23.15   72.16
   602   17.10   53.26
   603   16.60   47.07
   604   17.40   56.30
   605   22.35   65.28
   606   17.34   57.05
   607   22.38   73.88
   608   21.26   63.20
   609   25.01   74.14
   610   21.71   68.24
   611   16.71   51.01
   612   19.21   63.55
   613   27.23   92.14
   614   20.97   72.78
   615   24.48   79.13
   616   23.55   65.98
   617   23.58   74.61
   618   23.57   69.69
   619   20.89   65.98
   620   20.79   71.37
   621   18.81   56.87
   622   22.49   74.95
   623   23.63   65.38
   624   17.48   55.25
   625   27.71   90.26
   626   27.81   84.20
   627   27.99   87.21
   628   16.57   49.85
   629   23.33   65.60
   630   27.85   95.26
   631   23.38   72.06
   632   21.52   63.63
   633   31.56  104.60
   634   24.34   71.18
   635   28.68   90.68
   636   20.54   61.91
   637   17.79   50.05
   638   26.96   83.46
   639   25.56   81.66
   640   19.50   56.34
   641   22.84   76.49
   642   27.59   82.24
   643   23.93   76.52
   644   23.44   79.33
   645   21.93   75.37
   646   24.38   72.85
   647   25.63   78.55
   648   22.36   69.77
   649   23.61   74.54
   650   19.72   63.22
   651   16.36   46.84
   652   21.88   74.09
   653   22.09   73.32
   654   21.59   74.49
   655   24.91   77.84
   656   19.74   65.53
   657   20.48   59.64
   658   22.25   61.46
   659   18.08   57.40
   660   23.26   72.11
   661   24.64   79.73
   662   24.95   77.73
   663   21.40   66.07
   664   26.23   90.71
   665   24.10   70.49
   666   20.14   62.53
   667   28.19   86.13
   668   22.12   74.33
   669   23.24   74.14
   670   22.38   71.16
   671   19.16   57.78
   672   25.10   80.00
   673   28.65  105.40
   674   22.36   82.82
   675   21.28   68.64
   676   27.84   89.37
   677   22.52   68.24
   678   20.29   64.86
   679   22.87   68.33
   680   28.13  100.90
   681   25.10   88.70
   682   26.63   88.24
   683   22.00   73.43
   684   21.01   65.64
   685   27.23   88.55
   686   24.17   84.41
   687   21.86   65.99
   688   18.71   61.42
   689   23.14   78.52
   690   17.43   51.29
   691   20.05   61.82
   692   21.28   69.82
   693   22.45   71.44
   694   21.25   71.07
   695   24.99   78.53
   696   21.64   68.14
   697   27.48   87.29
   698   20.71   68.22
   699   27.36   87.40
   700   20.16   66.79
   701   20.77   63.00
   702   23.27   65.20
   703   18.15   62.66
   704   21.50   66.12
   705   25.54   86.97
   706   24.10   79.93
   707   26.91   88.45
   708   27.71   92.56
   709   20.97   59.40
   710   19.87   57.89
   711   29.09   89.99
   712   21.18   62.44
   713   19.13   50.25
   714   24.55   88.61
   715   22.35   73.77
   716   23.80   76.73
   717   20.86   62.74
   718   28.57   96.24
   719   30.86  108.00
   720   22.39   70.12
   721   23.78   81.25
   722   27.90   88.94
   723   22.05   74.65
   724   23.52   77.78
   725   20.16   63.28
   726   18.57   64.43
   727   20.58   62.63
   728   21.22   68.90
   729   22.32   74.02
   730   23.12   73.89
   731   24.48   75.31
   732   20.69   61.55
   733   26.31   82.59
   734   27.87   92.63
   735   23.50   77.91
   736   28.57   93.49
   737   21.77   66.28
   738   21.82   75.49
   739   22.28   74.40
   740   23.51   74.60
   741   15.77   49.06
   742   23.31   78.33
   743   28.72   94.08
   744   19.80   71.02
   745   27.52   85.44
   746   21.50   71.83
   747   22.18   74.83
   748   24.15   76.91
   749   22.40   71.35
   750   21.90   74.94
   751   20.09   61.09
   752   21.71   75.99
   753   21.51   65.79
   754   26.12   87.32
   755   18.11   61.14
   756   17.34   53.57
   757   29.89  101.50
   758   23.29   77.44
   759   20.06   62.65
   760   19.43   58.81
   761   27.91   94.32
   762   19.81   62.69
   763   24.49   74.53
   764   25.43   85.20
   765   22.88   74.01
   766   22.70   66.27
   767   20.02   71.78
   768   20.36   66.06
   769   22.77   80.24
   770   24.14   71.68
   771   17.72   60.49
   772   21.13   68.15
   773   21.72   73.89
   774   21.14   69.98
   775   21.08   63.77
   776   26.54   83.42
   777   19.54   58.76
   778   25.29   82.05
   779   19.81   61.88
   780   24.23   72.62
   781   23.73   73.08
   782   21.68   73.57
   783   23.82   75.96
   784   23.64   76.66
   785   17.78   49.47
   786   25.21   78.24
   787   22.82   72.32
   788   20.12   60.46
   789   22.18   71.84
   790   21.18   61.20
   791   29.08   89.23
   792   17.60   56.21
   793   17.34   54.39
   794   28.72   85.47
   795   20.47   76.12
   796   22.16   77.34
   797   24.60   82.15
   798   23.97   82.93
   799   22.31   83.00
   800   23.03   68.52
   801   26.05   91.86
   802   25.13   90.28
   803   24.39   80.70
   804   23.84   72.28
   805   23.98   81.84
   806   27.34   96.48
   807   26.83   98.30
   808   22.32   70.51
   809   28.29   85.01
   810   26.96   79.43
   811   17.90   58.99
   812   20.27   58.63
   813   23.63   76.23
   814   22.42   74.26
   815   29.02   96.32
   816   24.36   91.56
   817   24.21   84.18
   818   24.06   81.96
   819   29.70   90.87
   820   23.76   84.32
   821   20.77   72.03
   822   22.69   68.20
   823   19.46   66.83
   824   24.10   75.13
   825   20.80   60.89
   826   25.06   96.20
   827   19.79   70.15
   828   18.10   59.16
   829   25.86   77.14
   830   30.94  101.10
   831   21.97   82.97
   832   22.76   63.89
   833   23.66   72.78
   834   20.23   73.65
   835   24.88   82.71
   836   18.13   61.04
   837   26.32   86.01
   838   19.18   55.54
   839   27.02   85.87
   840   31.88  106.00
   841   18.19   61.97
   842   25.69   79.53
   843   19.70   60.96
   844   19.03   56.48
   845   16.66   54.85
   846   21.69   71.27
   847   22.44   67.07
   848   22.85   67.43
   849   20.99   57.88
   850   23.07   69.54
   851   22.33   70.24
   852   21.18   65.84
   853   22.20   76.88
   854   25.42   73.23
   855   21.11   67.40
   856   23.39   66.84
   857   19.29   59.88
   858   22.22   75.52
   859   18.73   61.90
   860   24.97   89.37
   861   19.59   65.38
   862   26.11   88.18
   863   18.99   54.01
   864   22.49   69.68
   865   20.34   66.07
   866   23.63   69.34
   867   25.69   87.12
   868   21.62   59.25
   869   26.32   90.94
   870   19.25   58.03
   871   27.63   83.53
   872   25.50   77.13
   873   21.92   72.18
   874   22.53   63.64
   875   24.41   79.62
   876   20.50   63.57
   877   18.58   60.59
   878   24.39   69.46
   879   29.31   98.04
   880   26.04   74.03
   881   29.93  100.20
   882   24.76   68.33
   883   24.83   81.60
   884   27.07   87.42
   885   23.72   73.28
   886   24.44   86.05
   887   23.16   73.88
   888   21.12   73.53
   889   22.75   79.04
   890   22.97   67.66
   891   25.10   82.69
   892   17.16   54.12
   893   19.05   59.91
   894   18.61   57.13
   895   20.77   70.99
   896   25.94   84.92
   897   24.61   85.74
   898   24.50   85.03
   899   22.77   65.88
   900   24.90   75.65
   901   25.26   86.69
   902   24.31   79.41
   903   23.02   75.36
   904   23.19   71.47
   905   24.91   80.00
   906   14.71   49.10
   907   18.46   64.50
   908   23.20   64.00
   909   20.88   62.61
   910   24.07   84.52
   911   18.66   61.35
   912   26.65   85.44
   913   19.73   64.13
   914   19.77   66.31
   915   24.33   71.78
   916   27.56   86.00
   917   16.66   57.58
   918   20.83   61.75
   919   24.20   70.65
   920   24.04   74.54
   921   20.50   67.40
   922   17.13   47.80
   923   24.96   86.73
   924   26.06   72.49
   925   24.39   76.59
   926   28.31  103.70
   927   25.70   89.87
   928   17.77   57.41
   929   23.51   65.02
   930   21.66   62.39
   931   21.02   62.81
   932   21.93   67.15
   933   15.75   52.09
   934   20.93   76.84
   935   21.00   68.69
   936   17.16   51.95
   937   29.66   96.02
   938   23.60   76.88
   939   25.37   91.17
   940   31.04  110.70
   941   26.12   86.22
   942   19.38   62.35
   943   22.86   72.73
   944   20.99   69.94
   945   16.38   49.58
   946   22.37   65.41
   947   26.97   93.26
   948   22.94   77.17
   949   27.41   79.77
   950   21.54   69.10
   951   31.73   99.69
   952   24.23   77.03
   953   18.89   52.20
   954   22.89   64.49
   955   19.16   63.00
   956   24.54   70.14
   957   27.73   95.53
   958   28.34   90.59
   959   17.86   53.76
   960   18.11   55.18
   961   25.71   78.93
   962   22.82   74.64
   963   29.78   97.22
   964   23.99   78.75
   965   26.71   92.56
   966   24.37   66.62
   967   18.65   57.57
   968   22.38   72.46
   969   23.57   72.53
   970   20.78   60.50
   971   24.77   70.96
   972   17.01   54.47
   973   18.81   55.90
   974   20.09   59.41
   975   18.85   62.58
   976   30.55   91.95
   977   26.76   87.17
   978   24.64   80.25
   979   25.11   84.11
   980   22.52   66.99
   981   17.12   60.16
   982   30.01   96.66
   983   23.07   77.00
   984   21.12   60.14
   985   18.48   56.95
   986   21.01   67.13
   987   26.69   80.91
   988   17.61   56.85
   989   25.96   74.19
   990   27.20   81.26
   991   22.02   61.66
   992   22.07   68.23
   993   28.66   92.09
   994   20.36   64.42
   995   24.33   81.18
   996   27.29   86.89
   997   20.66   60.21
   998   25.37   76.19
   999   21.97   79.12
  1000   26.63   86.14
  1001   22.02   70.26
  1002   21.49   79.91
  1003   23.23   78.21
  1004   23.79   81.91
  1005   19.60   68.10
  1006   28.01   89.69
  1007   25.71   85.74
  1008   20.56   66.04
  1009   21.19   68.96
  1010   20.06   57.47
  1011   22.89   65.80
  1012   26.73   83.40
  1013   19.30   57.79
  1014   22.20   79.49
  1015   21.85   62.87
  1016   18.93   57.24
  1017   21.38   71.28
  1018   21.20   62.88
  1019   18.17   55.83
  1020   23.23   72.48
  1021   17.20   55.42
  1022   25.07   78.34
  1023   19.54   61.68
  1024   28.28   89.05
  1025   24.53   80.04
  1026   18.62   58.03
  1027   19.52   65.91
  1028   18.36   56.00
  1029   20.11   55.09
  1030   18.45   57.05
  1031   21.73   73.02
  1032   22.85   77.12
  1033   20.97   66.17
  1034   25.15   82.43
  1035   17.04   52.48
  1036   22.62   76.92
  1037   23.57   74.74
  1038   21.26   67.16
  1039   19.22   66.98
  1040   21.01   67.89
  1041   21.45   75.32
  1042   17.69   62.85
  1043   22.72   69.91
  1044   26.98  100.40
  1045   21.52   64.37
  1046   20.61   60.65
  1047   18.12   57.23
  1048   23.01   74.85
  1049   23.64   70.95
  1050   28.87   93.86
  1051   24.91   77.30
  1052   18.97   53.82
  1053   23.65   79.25
  1054   19.17   72.10
  1055   25.01   92.03
  1056   22.54   76.97
  1057   20.41   62.46
  1058   22.28   73.05
  1059   23.66   76.18
  1060   22.46   72.68
  1061   17.55   59.94
  1062   20.88   61.34
  1063   18.46   60.14
  1064   27.42   90.66
  1065   28.14   91.38
  1066   22.16   75.21
  1067   28.89   95.34
  1068   15.73   47.83
  1069   20.06   69.42
  1070   24.22   76.67
  1071   24.37   69.93
  1072   17.59   51.39
  1073   24.61   76.78
  1074   25.51   79.27
  1075   21.53   67.06
  1076   23.88   78.71
  1077   18.59   61.02
  1078   22.92   79.17
  1079   21.61   61.36
  1080   28.54   94.45
  1081   26.83   83.75
  1082   22.35   73.91
  1083   27.36   88.53
  1084   18.42   61.21
  1085   25.44   79.13
  1086   19.09   59.87
  1087   26.93   78.26
  1088   25.80   80.06
  1089   21.95   64.11
  1090   20.76   77.53
  1091   27.19   88.94
  1092   21.64   73.45
  1093   22.85   68.56
  1094   18.22   63.60
  1095   19.01   52.35
  1096   18.81   56.71
  1097   23.42   68.27
  1098   19.55   63.54
  1099   26.47   89.88
  1100   21.00   70.05
  1101   26.21   80.88
  1102   24.89   83.98
  1103   18.11   59.77
  1104   24.72   76.84
  1105   22.79   75.46
  1106   20.06   59.88
  1107   22.09   69.44
  1108   22.29   74.15
  1109   17.01   58.82
  1110   25.93   87.72
  1111   28.24   94.45
  1112   22.56   69.04
  1113   22.22   68.85
  1114   21.00   71.52
  1115   22.78   74.85
  1116   21.60   70.36
  1117   20.48   66.22
  1118   17.26   55.17
  1119   25.09   77.53
  1120   20.45   63.55
  1121   24.42   80.93
  1122   26.48   85.85
  1123   29.20   96.93
  1124   26.41   87.36
  1125   21.53   60.04
  1126   18.19   53.98
  1127   28.54  102.90
  1128   18.68   62.93
  1129   17.79   54.53
  1130   18.58   55.64
  1131   19.17   62.53
  1132   22.96   68.17
  1133   21.97   72.45
  1134   26.09   79.28
  1135   26.33   78.61
  1136   26.90   95.80
  1137   20.65   66.78
  1138   18.75   52.35
  1139   24.66   79.46
  1140   31.19  104.40
  1141   23.01   76.61
  1142   22.13   61.21
  1143   22.21   72.11
  1144   26.13   75.67
  1145   23.65   70.85
  1146   22.16   75.97
  1147   21.06   72.78
  1148   22.58   69.80
  1149   18.78   55.12
  1150   25.55   75.42
  1151   24.43   77.26
  1152   23.28   67.16
  1153   18.30   61.79
  1154   15.12   46.06
  1155   23.57   84.60
  1156   27.46   87.15
  1157   18.88   60.03
  1158   24.68   85.02
  1159   25.41   79.09
  1160   23.34   81.18
  1161   18.95   54.71
  1162   22.27   72.59
  1163   22.53   79.76
  1164   26.22   79.64
  1165   23.48   79.80
  1166   22.63   77.87
  1167   21.26   66.84
  1168   24.32   77.85
  1169   28.40   85.70
  1170   21.27   63.08
  1171   19.19   58.96
  1172   18.30   59.06
  1173   21.48   67.61
  1174   22.12   68.03
  1175   25.60   88.76
  1176   20.20   67.84
  1177   26.02   89.88
  1178   25.85   82.52
  1179   21.09   60.83
  1180   20.60   62.47
  1181   23.97   73.32
  1182   20.64   63.43
  1183   25.63   93.80
  1184   20.99   68.85
  1185   19.91   57.34
  1186   29.23  100.70
  1187   22.06   70.04
  1188   20.53   63.54
  1189   26.35   73.68
  1190   24.19   76.68
  1191   26.40   85.14
  1192   24.17   70.47
  1193   22.89   66.85
  1194   16.58   55.30
  1195   21.77   66.73
  1196   20.24   65.94
  1197   20.02   59.16
  1198   28.71  100.10
  1199   19.32   57.60
  1200   23.30   79.12
  1201   24.78   79.35
  1202   20.58   52.56
  1203   19.70   67.68
  1204   17.67   50.90
  1205   25.72   88.31
  1206   19.95   55.95
  1207   18.40   55.88
  1208   17.22   51.84
  1209   20.31   65.84
  1210   19.93   67.53
  1211   24.48   68.22
  1212   19.51   63.82
  1213   24.54   73.86
  1214   20.65   68.72
  1215   19.41   63.62
  1216   20.13   69.03
  1217   19.30   56.27
  1218   27.84   86.00
  1219   21.75   65.21
  1220   17.85   48.65
  1221   22.45   76.02
  1222   22.66   72.56
  1223   20.56   69.39
  1224   26.93   98.61
  1225   21.00   66.54
  1226   19.96   63.05
  1227   20.24   56.97
  1228   24.92   75.01
  1229   18.36   56.63
  1230   19.61   68.09
  1231   19.11   56.77
  1232   19.79   66.01
  1233   29.21   96.98
  1234   21.40   70.25
  1235   24.24   80.25
  1236   28.54   98.05
  1237   21.82   74.33
  1238   20.42   63.22
  1239   23.11   67.37
  1240   27.86   92.34
  1241   27.18   90.81
  1242   23.01   79.70
  1243   21.59   72.35
  1244   19.37   68.45
  1245   22.98   75.31
  1246   16.23   57.46
  1247   19.60   61.33
  1248   25.64   92.54
  1249   23.14   70.95
  1250   25.50   80.30
  1251   18.15   56.78
  1252   18.43   62.85
  1253   20.43   61.25
  1254   21.18   70.24
  1255   23.77   80.25
  1256   23.63   72.24
  1257   21.65   63.27
  1258   24.96   75.74
  1259   19.25   62.92
  1260   20.86   62.65
  1261   25.22   78.77
  1262   23.25   75.35
  1263   24.64   77.01
  1264   27.66   90.69
  1265   26.07   91.53
  1266   29.34   98.07
  1267   25.46   90.05
  1268   24.38   73.95
  1269   19.46   64.56
  1270   25.58   74.29
  1271   27.63   88.27
  1272   27.44   84.07
  1273   17.67   56.36
  1274   23.37   81.16
  1275   22.39   68.14
  1276   17.65   56.22
  1277   20.15   62.37
  1278   26.73   88.22
  1279   19.90   61.95
  1280   27.10   85.74
  1281   24.13   85.75
  1282   23.72   75.91
  1283   27.56   83.29
  1284   26.37   77.80
  1285   21.36   69.13
  1286   22.73   68.61
  1287   25.15   80.06
  1288   16.70   48.19
  1289   18.33   57.69
  1290   25.21   73.97
  1291   16.63   49.03
  1292   24.68   74.13
  1293   25.27   75.36
  1294   22.00   63.37
  1295   27.65   91.90
  1296   25.23   73.99
  1297   20.47   67.92
  1298   17.03   56.54
  1299   24.61   78.72
  1300   26.57   79.13
  1301   23.12   70.20
  1302   27.34   88.67
  1303   21.51   70.36
  1304   22.89   86.61
  1305   26.53   72.40
  1306   23.53   77.76
  1307   22.87   84.04
  1308   25.98   84.04
  1309   23.91   74.33
  1310   24.04   82.68
  1311   21.13   79.08
  1312   25.44   83.20
  1313   29.54   95.28
  1314   19.44   63.83
  1315   22.94   77.54
  1316   20.87   62.49
  1317   27.37   89.16
  1318   23.33   70.09
  1319   23.14   76.36
  1320   19.21   68.51
  1321   24.47   84.43
  1322   23.79   77.58
  1323   26.16   85.31
  1324   27.45   90.97
  1325   23.94   87.94
  1326   24.83   87.98
  1327   20.24   62.28
  1328   18.79   63.33
  1329   24.61   82.23
  1330   20.91   60.49
  1331   24.82   78.06
  1332   25.93   85.22
  1333   20.25   64.14
  1334   28.08   96.99
  1335   19.44   65.09
  1336   20.85   62.16
  1337   17.94   49.50
  1338   21.66   66.94
  1339   26.77   79.21
  1340   25.89   97.46
  1341   21.61   66.59
  1342   24.08   75.02
  1343   23.72   69.98
  1344   17.81   54.43
  1345   25.25   80.12
  1346   25.49   86.76
  1347   26.85   84.76
  1348   22.42   81.36
  1349   26.10   82.25
  1350   27.26   87.43
  1351   21.92   68.54
  1352   22.41   68.89
  1353   21.75   62.49
  1354   25.10   82.13
  1355   25.70   83.86
  1356   21.48   71.11
  1357   22.03   73.28
  1358   31.11  104.70
  1359   19.51   70.67
  1360   21.56   68.07
  1361   18.04   58.47
  1362   22.44   60.61
  1363   21.11   61.22
  1364   28.20   99.26
  1365   24.75   81.40
  1366   19.52   53.71
  1367   25.16   81.89
  1368   22.61   74.83
  1369   22.42   70.34
  1370   17.92   57.39
  1371   22.53   77.67
  1372   26.17   85.53
  1373   19.37   64.46
  1374   25.68   74.82
  1375   18.09   61.99
  1376   17.05   51.85
  1377   22.51   68.31
  1378   21.57   74.89
  1379   19.34   58.36
  1380   22.15   70.48
  1381   25.22   82.68
  1382   19.46   58.72
  1383   19.46   59.91
  1384   25.10   83.72
  1385   29.62   95.68
  1386   20.90   65.27
  1387   24.37   80.99
  1388   30.23  104.40
  1389   17.93   56.92
  1390   21.61   61.77
  1391   29.57   92.62
  1392   22.66   64.26
  1393   26.97   81.42
  1394   23.75   72.27
  1395   21.68   73.95
  1396   16.22   50.18
  1397   22.81   76.77
  1398   19.19   56.34
  1399   18.53   57.30
  1400   20.20   57.09
  1401   20.47   68.50
  1402   24.10   84.26
  1403   20.10   61.91
  1404   20.04   63.17
  1405   24.15   84.08
  1406   18.32   61.70
  1407   20.88   56.44
  1408   23.75   78.38
  1409   24.21   72.92
  1410   21.02   65.58
  1411   27.12   89.99
  1412   21.07   65.84
  1413   19.01   62.89
  1414   22.65   66.89
  1415   24.68   71.62
  1416   28.70   93.19
  1417   22.36   72.52
  1418   25.56   75.27
  1419   21.04   69.03
  1420   22.07   75.53
  1421   29.59   97.52
  1422   27.84   84.11
  1423   21.10   73.19
  1424   17.13   54.49
  1425   16.94   53.87
  1426   19.88   68.37
  1427   19.11   59.00
  1428   20.83   71.85
  1429   19.66   56.30
  1430   24.53   73.84
  1431   21.47   77.33
  1432   23.64   78.65
  1433   27.69   85.17
  1434   20.39   73.03
  1435   18.28   59.00
  1436   26.87   88.33
  1437   26.89   85.59
  1438   27.25   89.06
  1439   20.83   63.91
  1440   21.84   65.81
  1441   27.38   82.34
  1442   28.02   88.53
  1443   23.39   81.65
  1444   20.76   73.41
  1445   24.99   84.36
  1446   17.03   59.44
  1447   25.59   84.75
  1448   18.31   62.24
  1449   15.21   46.02
  1450   23.33   71.16
  1451   18.98   54.90
  1452   20.95   64.54
  1453   30.17   99.19
  1454   21.14   73.21
  1455   20.84   70.65
  1456   24.84   83.05
  1457   20.24   57.49
  1458   18.90   54.36
  1459   21.14   72.50
  1460   18.62   63.91
  1461   27.96   91.32
  1462   25.28   86.44
  1463   20.75   66.33
  1464   23.06   78.76
  1465   23.63   65.23
  1466   22.00   70.53
  1467   22.55   74.49
  1468   20.46   68.04
  1469   25.22   86.90
  1470   26.00   84.02
  1471   18.71   51.73
  1472   31.78  109.10
  1473   19.54   63.53
  1474   20.28   66.75
  1475   20.53   60.10
  1476   20.54   57.39
  1477   22.62   69.08
  1478   24.92   84.12
  1479   20.49   71.63
  1480   30.25  102.40
  1481   20.51   60.82
  1482   22.62   65.54
  1483   26.84   81.01
  1484   20.34   73.45
  1485   23.87   84.97
  1486   21.31   74.79
  1487   19.02   61.15
  1488   25.27   80.29
  1489   25.34   82.15
  1490   28.98   94.79
  1491   19.38   56.84
  1492   19.35   55.05
  1493   22.21   71.23
  1494   24.43   75.05
  1495   24.85   80.45
  1496   23.56   73.03
  1497   19.13   55.23
  1498   21.44   65.43
  1499   22.06   67.26
  1500   22.60   62.75
  1501   20.40   77.12
  1502   24.18   80.99
  1503   22.42   74.98
  1504   19.75   61.95
  1505   23.71   77.04
  1506   25.61   77.88
  1507   28.99   93.08
  1508   25.39   91.31
  1509   19.81   66.45
  1510   27.89   95.65
  1511   20.54   73.61
  1512   21.07   59.80
  1513   20.44   67.86
  1514   21.15   64.29
  1515   19.36   61.85
  1516   21.55   66.89
  1517   29.17   89.67
  1518   18.43   59.44
  1519   21.69   66.10
  1520   20.00   64.99
  1521   17.91   64.84
  1522   21.24   67.20
  1523   30.55  107.50
  1524   27.82   86.80
  1525   26.56   83.04
  1526   24.60   83.80
  1527   22.47   69.20
  1528   24.30   73.91
  1529   21.61   67.53
  1530   31.23  102.80
  1531   26.16   88.27
  1532   29.73   94.44
  1533   26.00   91.80
  1534   21.21   62.70
  1535   26.60   82.69
  1536   19.94   55.52
  1537   23.35   80.31
  1538   21.97   71.87
  1539   17.21   53.68
  1540   18.00   57.26
  1541   20.97   67.73
  1542   17.46   51.87
  1543   20.61   63.78
  1544   23.92   74.47
  1545   22.86   68.49
  1546   19.36   66.10
  1547   27.52   79.57
  1548   20.96   64.04
  1549   27.89   89.33
  1550   20.80   70.31
  1551   21.61   62.43
  1552   24.03   72.42
  1553   21.43   69.76
  1554   18.29   55.47
  1555   24.33   72.71
  1556   23.48   65.18
  1557   22.06   66.14
  1558   27.22   85.32
  1559   17.93   57.01
  1560   26.98   83.76
  1561   25.53   77.98
  1562   19.92   65.35
  1563   27.28   87.80
  1564   25.51   80.79
  1565   23.64   66.66
  1566   18.58   60.30
  1567   22.09   64.45
  1568   25.88   79.22
  1569   25.32   85.84
  1570   23.76   69.35
  1571   24.03   86.87
  1572   18.37   55.59
  1573   25.08   78.28
  1574   21.61   60.52
  1575   20.93   62.33
  1576   21.01   62.40
  1577   20.04   61.65
  1578   22.40   69.45
  1579   23.11   71.92
  1580   23.26   78.06
  1581   19.56   61.43
  1582   24.35   81.03
  1583   24.91   75.16
  1584   16.56   54.74
  1585   29.37   96.25
  1586   28.29  108.80
  1587   20.29   64.54
  1588   23.24   87.11
  1589   29.04  100.30
  1590   20.45   64.60
  1591   25.21   90.91
  1592   22.18   69.58
  1593   27.95   96.13
  1594   24.78   81.21
  1595   19.84   58.37
  1596   27.26   89.65
  1597   22.88   74.62
  1598   16.88   50.13
  1599   19.86   65.76
  1600   28.06   93.07
  1601   28.62  100.80
  1602   21.30   73.47
  1603   21.54   65.04
  1604   19.61   62.74
  1605   20.03   61.12
  1606   24.12   77.27
  1607   22.99   64.77
  1608   22.31   68.42
  1609   19.55   62.78
  1610   20.41   72.44
  1611   24.46   81.66
  1612   32.80  114.20
  1613   25.52   83.79
  1614   20.99   70.59
  1615   25.72   88.65
  1616   25.25   76.39
  1617   23.85   78.70
  1618   24.93   83.23
  1619   17.14   52.70
  1620   24.98   78.23
  1621   21.59   66.32
  1622   18.27   54.18
  1623   28.08   93.78
  1624   23.87   80.60
  1625   20.11   64.99
  1626   22.70   67.32
  1627   24.13   75.91
  1628   21.90   67.04
  1629   20.82   73.87
  1630   23.01   78.66
  1631   20.35   59.75
  1632   20.28   65.65
  1633   27.74   87.43
  1634   29.85   93.24
  1635   19.74   56.18
  1636   22.58   64.65
  1637   21.42   67.22
  1638   21.90   65.38
  1639   24.59   78.29
  1640   21.45   65.49
  1641   20.98   64.65
  1642   25.82   79.03
  1643   28.95   96.07
  1644   28.41   89.13
  1645   17.06   53.71
  1646   24.99   80.39
  1647   20.67   71.86
  1648   17.87   56.99
  1649   22.75   71.37
  1650   16.55   52.75
  1651   22.46   58.53
  1652   23.64   78.41
  1653   25.38   74.25
  1654   28.64   95.18
  1655   31.95  109.60
  1656   22.96   76.60
  1657   22.35   65.79
  1658   20.73   62.22
  1659   16.83   56.27
  1660   25.88   85.35
  1661   20.92   67.19
  1662   23.14   74.52
  1663   21.22   69.94
  1664   26.05   82.42
  1665   25.73   80.32
  1666   27.75   93.74
  1667   18.58   54.04
  1668   24.04   78.99
  1669   25.81   74.53
  1670   32.05  113.90
  1671   25.73   84.51
  1672   24.17   74.62
  1673   22.86   81.49
  1674   19.20   69.89
  1675   24.65   78.82
  1676   22.04   73.82
  1677   24.42   73.73
  1678   24.45   76.10
  1679   21.49   70.71
  1680   21.30   69.98
  1681   18.79   60.76
  1682   23.58   78.80
  1683   17.72   52.54
  1684   23.83   73.58
  1685   21.24   71.43
  1686   19.81   63.63
  1687   23.23   83.86
  1688   17.99   59.47
  1689   27.43   91.24
  1690   22.12   76.67
  1691   27.92   90.11
  1692   27.38   87.13
  1693   29.88   92.77
  1694   19.67   56.04
  1695   21.48   69.85
  1696   26.41   91.43
  1697   23.44   74.05
  1698   23.18   75.45
  1699   18.64   61.26
  1700   23.60   85.03
  1701   20.87   71.71
  1702   19.70   61.46
  1703   18.41   61.31
  1704   20.41   56.57
  1705   17.79   59.38
  1706   22.78   68.21
  1707   24.32   80.59
  1708   26.11   84.50
  1709   26.55   81.64
  1710   23.99   83.13
  1711   16.29   50.68
  1712   22.11   75.38
  1713   17.08   51.70
  1714   21.79   60.22
  1715   21.14   72.82
  1716   20.53   67.92
  1717   23.19   83.20
  1718   24.32   75.15
  1719   21.50   63.57
  1720   19.75   64.96
  1721   28.46   94.89
  1722   24.14   74.23
  1723   17.77   59.38
  1724   20.57   63.80
  1725   30.83  106.10
  1726   17.53   56.64
  1727   25.52   78.92
  1728   19.06   60.36
  1729   20.59   76.94
  1730   21.13   63.29
  1731   22.08   71.59
  1732   17.43   56.25
  1733   15.74   49.03
  1734   23.18   73.56
  1735   16.79   53.62
  1736   15.73   50.73
  1737   23.08   72.52
  1738   23.71   76.38
  1739   20.80   57.41
  1740   23.08   71.30
  1741   26.43   90.39
  1742   23.35   63.92
  1743   21.62   74.92
  1744   22.27   82.57
  1745   22.50   72.70
  1746   21.74   69.31
  1747   17.31   48.81
  1748   23.80   83.93
  1749   17.41   55.12
  1750   18.88   55.88
  1751   25.24   81.18
  1752   26.02   78.72
  1753   21.83   62.88
  1754   20.68   61.85
  1755   19.39   60.72
  1756   19.17   56.39
  1757   22.70   66.57
  1758   21.49   73.48
  1759   19.47   67.80
  1760   17.84   57.21
  1761   18.60   57.66
  1762   22.51   69.94
  1763   27.35   82.67
  1764   22.41   68.32
  1765   29.19   97.85
  1766   25.17   70.38
  1767   18.85   65.72
  1768   25.08   74.83
  1769   28.75   94.24
  1770   19.25   66.98
  1771   26.68   86.32
  1772   20.85   65.67
  1773   24.84   75.73
  1774   22.74   69.94
  1775   24.74   73.77
  1776   25.91   75.68
  1777   23.99   75.66
  1778   18.52   60.52
  1779   23.43   78.23
  1780   23.37   74.00
  1781   24.52   75.32
  1782   19.70   60.98
  1783   31.55  100.30
  1784   19.76   59.68
  1785   25.82   87.66
  1786   21.46   59.99
  1787   25.51   83.56
  1788   20.41   59.01
  1789   22.39   75.84
  1790   18.52   61.22
  1791   20.91   62.66
  1792   20.20   56.15
  1793   20.42   70.21
  1794   24.19   70.42
  1795   24.57   86.02
  1796   21.02   59.36
  1797   26.10   92.22
  1798   32.38  101.90
  1799   29.45   94.75
  1800   27.75   87.51
  1801   26.61   81.02
  1802   21.10   67.00
  1803   19.00   62.03
  1804   17.37   52.07
  1805   21.08   76.98
  1806   15.73   49.85
  1807   23.44   71.53
  1808   15.63   46.82
  1809   26.67   88.20
  1810   24.78   82.72
  1811   24.00   74.37
  1812   26.66   83.60
  1813   18.40   59.33
  1814   20.75   65.99
  1815   17.64   51.29
  1816   21.83   82.56
  1817   20.86   71.74
  1818   27.51   98.62
  1819   18.65   60.17
  1820   20.84   66.17
  1821   30.46   99.33
  1822   25.73   76.44
  1823   19.59   64.95
  1824   18.85   56.34
  1825   18.44   62.12
  1826   16.42   48.15
  1827   23.53   81.21
  1828   22.14   62.36
  1829   24.11   83.63
  1830   20.94   61.89
  1831   19.57   56.20
  1832   17.84   56.26
  1833   27.43   96.79
  1834   24.06   74.11
  1835   24.65   74.16
  1836   22.06   67.59
  1837   21.98   68.05
  1838   23.57   76.74
  1839   16.49   48.15
  1840   19.99   58.49
  1841   29.46   88.74
  1842   28.16   79.02
  1843   22.53   65.96
  1844   29.37   96.27
  1845   22.39   72.32
  1846   25.23   82.38
  1847   24.93   84.52
  1848   23.77   80.27
  1849   18.53   50.69
  1850   21.84   75.29
  1851   25.94   76.75
  1852   23.17   67.01
  1853   28.64   93.95
  1854   20.42   58.12
  1855   20.61   63.30
  1856   18.88   65.98
  1857   22.14   63.72
  1858   23.67   81.07
  1859   22.33   62.57
  1860   19.60   67.35
  1861   19.99   71.39
  1862   26.46   82.55
  1863   24.42   74.55
  1864   21.97   67.45
  1865   19.84   62.60
  1866   21.43   68.40
  1867   21.42   69.93
  1868   29.19   91.82
  1869   23.19   74.57
  1870   18.25   59.54
  1871   24.69   77.57
  1872   21.35   73.19
  1873   26.32   85.80
  1874   25.28   73.39
  1875   22.81   62.66
  1876   22.96   72.20
  1877   20.66   68.84
  1878   20.64   57.81
  1879   19.72   63.61
  1880   24.06   85.94
  1881   26.47   78.98
  1882   25.14   75.63
  1883   26.37   71.09
  1884   20.73   72.13
  1885   19.12   60.03
  1886   23.03   78.53
  1887   20.73   64.81
  1888   21.60   73.11
  1889   23.69   63.48
  1890   33.61  111.70
  1891   20.76   60.44
  1892   20.08   64.49
  1893   24.20   85.01
  1894   18.06   59.30
  1895   21.67   69.44
  1896   26.71   78.18
  1897   24.96   75.71
  1898   23.54   74.49
  1899   22.18   71.45
  1900   23.10   68.16
  1901   20.39   63.56
  1902   17.20   49.61
  1903   23.15   74.70
  1904   18.13   56.58
  1905   27.59   92.38
  1906   24.16   78.38
  1907   23.00   75.03
  1908   28.68   85.97
  1909   20.15   63.13
  1910   19.32   61.10
  1911   18.71   53.45
  1912   24.96   88.72
  1913   27.86   86.49
  1914   21.43   60.74
  1915   28.92   88.45
  1916   24.53   77.63
  1917   20.98   60.49
  1918   20.38   62.80
  1919   23.98   84.23
  1920   23.29   63.63
  1921   26.12   82.78
  1922   21.32   71.41
  1923   20.30   66.51
  1924   23.65   73.85
  1925   17.72   54.08
  1926   26.78   93.12
  1927   26.14   89.87
  1928   24.92   80.24
  1929   20.50   61.06
  1930   28.37   89.07
  1931   22.44   76.14
  1932   25.31   87.18
  1933   20.68   67.93
  1934   30.34  104.50
  1935   19.93   55.52
  1936   18.98   66.15
  1937   21.09   71.40
  1938   23.53   70.81
  1939   25.19   78.88
  1940   23.50   79.77
  1941   25.62   74.99
  1942   23.79   76.60
  1943   22.80   65.86
  1944   21.02   60.30
  1945   20.23   73.93
  1946   18.80   58.18
  1947   23.57   74.66
  1948   17.49   56.10
  1949   17.44   54.61
  1950   19.63   66.19
  1951   25.40   91.22
  1952   28.41  102.00
  1953   18.63   54.53
  1954   19.43   61.23
  1955   27.37   86.82
  1956   20.83   76.67
  1957   23.40   69.32
  1958   28.20  100.20
  1959   24.81   79.73
  1960   17.72   55.45
  1961   24.80   87.30
  1962   27.11   94.36
  1963   22.64   75.70
  1964   29.34   94.88
  1965   24.35   80.92
  1966   22.24   70.15
  1967   19.86   66.23
  1968   22.24   61.97
  1969   21.47   62.61
  1970   24.98   88.12
  1971   20.64   63.28
  1972   17.82   61.51
  1973   24.58   73.57
  1974   25.72   82.11
  1975   17.23   52.33
  1976   20.90   61.39
  1977   18.27   54.00
  1978   20.64   61.24
  1979   23.37   75.52
  1980   24.42   76.75
  1981   24.67   70.15
  1982   19.37   59.41
  1983   19.71   58.24
  1984   25.78   80.70
  1985   22.22   76.00
  1986   23.48   71.35
  1987   19.99   72.03
  1988   23.34   76.56
  1989   20.31   61.08
  1990   23.79   75.95
  1991   26.12   77.44
  1992   17.74   56.08
  1993   29.81  100.30
  1994   29.36   94.20
  1995   28.80   88.39
  1996   17.09   53.46
  1997   20.62   67.94
  1998   27.32   88.25
  1999   21.67   72.49
  2000   16.75   59.11
