     1   27.02   88.72
     2   25.97   96.12
     3   30.23  106.40
     4   23.02   72.78
     5   23.01   73.39
     6   21.99   76.05
     7   25.53   84.92
     8   24.88   78.36
     9   21.59   65.45
    10   21.16   61.27
    11   26.50   89.07
    12   23.13   71.99
    13   17.46   56.34
    14   21.11   62.97
    15   22.66   75.22
    16   18.31   58.81
    17   20.24   60.73
    18   26.24   82.19
    19   21.22   73.85
    20   22.56   70.89
    21   31.56  108.70
    22   27.46   90.09
    23   24.35   75.05
    24   28.75   90.92
    25   20.64   67.57
    26   29.01  101.70
    27   27.37   87.54
    28   19.35   60.72
    29   19.20   56.38
    30   25.57   85.48
    31   25.14   84.72
    32   26.94   88.47
    33   21.03   64.46
    34   29.96   86.66
    35   24.55   70.45
    36   26.11   80.37
    37   20.68   68.63
    38   20.54   59.39
    39   22.76   64.61
    40   26.12   81.20
    41   29.75  101.60
    42   25.25   83.07
    43   25.62   86.63
    44   23.69   74.73
    45   23.07   76.87
    46   26.63   83.41
    47   25.35   89.45
    48   22.40   65.75
    49   26.93   86.82
    50   23.52   69.99
    51   22.43   72.58
    52   22.33   74.98
    53   23.38   72.66
    54   23.92   80.09
    55   26.03   90.85
    56   18.99   53.50
    57   25.23   89.59
    58   19.04   65.74
    59   25.92   84.36
    60   28.22   89.73
    61   28.56   89.37
    62   24.10   73.65
    63   26.24   81.99
    64   28.97   94.54
    65   26.61   82.34
    66   24.12   72.41
    67   33.71  117.40
    68   22.00   66.90
    69   18.42   58.05
    70   29.94   92.28
    71   28.86   97.72
    72   20.51   66.92
    73   31.16  110.10
    74   23.80   78.23
    75   29.69   96.50
    76   17.43   52.39
    77   19.98   53.03
    78   27.21   94.81
    79   24.18   74.78
    80   27.76   91.79
    81   20.24   60.39
    82   22.24   76.14
    83   31.58   99.46
    84   24.48   82.81
    85   19.28   57.35
    86   24.99   90.59
    87   22.40   65.99
    88   23.24   78.49
    89   27.52   87.63
    90   26.39   79.63
    91   25.98   77.17
    92   31.02  109.90
    93   19.39   65.99
    94   21.34   65.38
    95   22.17   64.03
    96   20.52   62.27
    97   24.60   79.30
    98   29.36   95.82
    99   25.71   76.58
   100   25.12   78.34
   101   27.28   94.53
   102   23.71   81.03
   103   19.63   61.00
   104   24.30   72.06
   105   28.79   95.80
   106   27.15   78.19
   107   22.69   66.23
   108   25.36   86.66
   109   22.31   71.91
   110   25.64   80.06
   111   21.24   64.26
   112   28.09   92.38
   113   25.60   80.16
   114   20.74   61.72
   115   21.53   67.09
   116   21.83   58.98
   117   28.79   97.99
   118   23.91   74.64
   119   24.19   81.81
   120   21.45   65.03
   121   21.66   76.28
   122   19.96   66.65
   123   22.11   73.97
   124   19.29   64.23
   125   20.56   70.17
   126   24.75   86.67
   127   22.81   76.28
   128   20.16   65.36
   129   21.23   65.25
   130   18.43   52.73
   131   22.75   80.76
   132   30.42  105.70
   133   26.22   79.82
   134   24.64   84.69
   135   25.57   83.12
   136   18.28   54.27
   137   21.13   63.12
   138   23.07   83.36
   139   23.46   66.91
   140   18.47   53.17
   141   26.32   91.34
   142   22.22   80.93
   143   24.52   74.23
   144   17.43   56.28
   145   23.92   81.71
   146   24.11   84.99
   147   22.80   71.59
   148   18.27   61.00
   149   27.53   91.87
   150   17.51   51.16
   151   19.42   60.28
   152   26.87   92.97
   153   23.98   80.77
   154   21.40   72.65
   155   21.95   75.32
   156   16.58   50.33
   157   23.59   71.44
   158   23.83   63.46
   159   28.14   96.26
   160   22.86   73.10
   161   23.10   84.43
   162   24.72   82.15
   163   21.80   66.80
   164   25.24   91.35
   165   27.52   90.82
   166   26.65   80.39
   167   25.61   85.36
   168   22.04   64.26
   169   20.81   59.18
   170   26.13   70.98
   171   26.29   97.40
   172   28.02   92.04
   173   20.56   63.51
   174   20.14   64.65
   175   23.65   74.57
   176   22.29   69.74
   177   23.92   70.55
   178   29.52   95.54
   179   24.32   70.11
   180   25.63   83.63
   181   25.02   71.23
   182   30.16   97.95
   183   23.85   77.85
   184   17.73   52.48
   185   20.61   63.62
   186   23.26   70.10
   187   17.82   56.44
   188   30.59  102.50
   189   19.79   61.39
   190   24.06   75.26
   191   22.44   71.31
   192   25.49   85.54
   193   23.59   70.35
   194   25.63   80.35
   195   21.76   65.75
   196   30.63  105.20
   197   27.33   84.04
   198   27.77   79.33
   199   29.50  113.20
   200   26.46   87.59
   201   21.27   66.13
   202   19.50   56.09
   203   25.60   79.15
   204   28.21   96.13
   205   29.52   91.27
   206   26.48   85.93
   207   20.95   67.75
   208   22.06   73.43
   209   23.87   83.15
   210   22.58   65.59
   211   31.33  111.40
   212   28.75   94.43
   213   20.35   64.73
   214   18.24   55.45
   215   18.68   55.17
   216   29.35   92.61
   217   24.05   67.19
   218   23.88   85.71
   219   23.78   72.95
   220   18.99   63.97
   221   21.02   61.93
   222   22.49   72.66
   223   24.62   73.11
   224   26.36   84.32
   225   25.61   81.07
   226   20.18   59.90
   227   27.43   88.91
   228   26.25   83.82
   229   25.02   78.52
   230   23.56   68.66
   231   19.35   61.11
   232   20.55   63.99
   233   29.16  100.50
   234   24.18   78.38
   235   24.18   80.02
   236   24.99   78.06
   237   29.36   98.87
   238   19.29   55.39
   239   23.22   76.05
   240   26.29   92.07
   241   23.67   67.59
   242   23.91   76.56
   243   22.51   73.89
   244   19.08   60.91
   245   24.92   88.20
   246   22.82   78.81
   247   20.28   68.07
   248   28.87  100.50
   249   26.38   82.78
   250   21.25   68.65
   251   19.43   56.10
   252   24.37   75.57
   253   23.92   77.02
   254   17.22   54.89
   255   26.74   90.74
   256   20.31   57.09
   257   24.92   68.50
   258   23.08   68.91
   259   19.80   61.33
   260   32.60  114.00
   261   27.97   90.43
   262   19.98   66.54
   263   22.56   76.76
   264   21.58   67.73
   265   21.14   67.31
   266   25.76   83.53
   267   19.15   53.38
   268   20.79   66.74
   269   26.01   94.06
   270   21.15   63.97
   271   21.96   70.54
   272   28.83   94.70
   273   28.99   89.97
   274   19.11   57.13
   275   17.70   55.70
   276   20.39   58.64
   277   19.16   57.26
   278   26.25   81.50
   279   21.52   68.50
   280   22.20   71.21
   281   29.01   99.57
   282   19.08   57.99
   283   24.20   78.10
   284   23.92   72.78
   285   28.87   90.49
   286   25.34   77.68
   287   23.50   70.24
   288   20.91   69.81
   289   21.97   71.44
   290   22.55   62.44
   291   24.50   78.82
   292   24.11   74.67
   293   28.19   93.57
   294   24.89   81.46
   295   27.89  101.50
   296   22.14   74.50
   297   25.68   86.24
   298   23.38   89.35
   299   31.47  101.30
   300   19.28   61.44
   301   20.36   67.26
   302   18.50   56.50
   303   25.92   82.90
   304   22.89   77.78
   305   23.60   86.05
   306   19.64   59.87
   307   19.52   67.34
   308   30.77  100.00
   309   32.16   97.18
   310   25.51   77.38
   311   30.62   95.40
   312   29.91   90.55
   313   23.81   78.44
   314   24.18   76.39
   315   27.02   96.89
   316   24.75   79.24
   317   23.04   71.55
   318   27.15   84.67
   319   24.06   80.75
   320   22.08   63.57
   321   23.58   78.10
   322   27.87   93.14
   323   29.29  108.50
   324   27.61   87.45
   325   22.33   74.93
   326   21.61   69.67
   327   23.61   77.99
   328   23.15   72.55
   329   31.64  105.60
   330   28.27   91.20
   331   24.01   80.93
   332   18.48   52.62
   333   23.01   77.26
   334   22.57   70.16
   335   27.97   86.67
   336   26.60   83.96
   337   22.05   63.20
   338   25.93   75.93
   339   19.74   68.91
   340   19.22   59.30
   341   22.40   70.39
   342   28.78   91.87
   343   22.04   75.65
   344   28.09   82.30
   345   21.38   60.78
   346   25.09   78.17
   347   19.56   62.69
   348   23.53   74.55
   349   25.54   81.32
   350   24.74   83.31
   351   26.50   80.53
   352   24.16   70.35
   353   28.05   95.86
   354   21.60   69.31
   355   25.47   75.70
   356   27.58   88.89
   357   27.13   98.25
   358   27.14   95.09
   359   24.19   81.89
   360   20.79   58.81
   361   28.21   89.81
   362   28.54   93.40
   363   21.22   59.59
   364   23.13   72.70
   365   25.51   77.37
   366   25.91   80.14
   367   22.76   84.46
   368   29.44   90.86
   369   25.67   83.49
   370   19.65   70.50
   371   17.39   49.76
   372   21.72   67.03
   373   29.06   89.31
   374   25.72   92.97
   375   22.23   59.46
   376   21.89   68.33
   377   24.10   73.52
   378   25.98   86.07
   379   18.10   62.73
   380   23.40   79.16
   381   24.79   82.23
   382   26.00   90.46
   383   24.87   74.02
   384   27.11   93.00
   385   18.51   55.57
   386   22.54   70.95
   387   20.30   59.61
   388   23.98   74.63
   389   28.45   92.06
   390   21.63   70.33
   391   24.69   70.22
   392   19.81   58.21
   393   22.06   63.91
   394   27.07   80.97
   395   22.72   69.94
   396   27.33   84.60
   397   26.62   81.77
   398   28.95   92.26
   399   25.40   78.50
   400   28.78   91.56
   401   24.29   80.57
   402   31.14   98.87
   403   30.49  108.50
   404   24.40   77.93
   405   18.39   54.23
   406   24.97   82.03
   407   20.11   61.43
   408   25.05   77.58
   409   24.89   75.06
   410   27.08   98.21
   411   26.36   81.88
   412   24.95   73.15
   413   22.99   66.06
   414   22.90   73.10
   415   26.95   86.04
   416   20.05   58.26
   417   27.74   91.55
   418   25.08   76.97
   419   23.99   84.94
   420   28.48  105.10
   421   24.96   75.56
   422   27.14   91.29
   423   30.16  105.30
   424   29.36   91.77
   425   24.31   82.25
   426   25.05   85.17
   427   20.55   67.54
   428   26.43   89.78
   429   23.61   79.77
   430   22.81   69.80
   431   32.48  122.30
   432   20.97   61.81
   433   27.52   93.67
   434   24.22   75.40
   435   26.96   91.44
   436   31.08   96.14
   437   19.67   63.42
   438   22.72   72.82
   439   20.81   63.27
   440   23.14   70.72
   441   24.37   71.61
   442   21.78   66.45
   443   26.69   81.29
   444   25.77   80.41
   445   20.88   73.56
   446   19.27   61.16
   447   24.51   82.03
   448   24.62   83.98
   449   24.25   78.02
   450   23.81   69.47
   451   26.11   86.57
   452   25.40   89.31
   453   20.50   61.60
   454   27.16   89.84
   455   21.62   59.15
   456   31.15  106.30
   457   25.90   88.65
   458   22.64   65.34
   459   28.05   97.50
   460   18.31   57.14
   461   19.05   57.91
   462   22.00   73.42
   463   24.20   75.58
   464   22.46   72.22
   465   21.70   66.27
   466   27.16   83.23
   467   29.79   91.49
   468   22.24   62.11
   469   16.96   50.40
   470   19.88   68.54
   471   23.95   72.73
   472   17.06   49.50
   473   20.37   63.49
   474   21.62   71.07
   475   27.97   96.80
   476   22.72   71.53
   477   25.80   83.65
   478   21.65   67.20
   479   28.88  100.50
   480   20.73   62.00
   481   28.95  103.20
   482   25.69   81.59
   483   25.13   82.23
   484   27.85   87.06
   485   25.99   95.40
   486   25.47   89.21
   487   29.15  105.90
   488   18.97   58.51
   489   24.08   82.19
   490   26.62   98.45
   491   18.96   63.63
   492   29.70   92.24
   493   21.89   66.81
   494   29.07   95.74
   495   27.31   83.44
   496   27.32  100.90
   497   24.83   74.76
   498   24.27   84.85
   499   22.88   69.38
   500   27.57   86.67
   501   25.61   83.95
   502   26.52   82.22
   503   24.87   76.22
   504   20.19   54.26
   505   26.65   83.02
   506   32.62  113.10
   507   17.32   53.31
   508   24.22   83.80
   509   31.38  105.40
   510   16.74   57.41
   511   24.18   77.05
   512   24.90   74.92
   513   22.41   70.48
   514   18.54   53.01
   515   17.02   50.97
   516   26.01   88.16
   517   19.64   64.71
   518   19.96   64.92
   519   25.20   79.01
   520   25.53   87.66
   521   21.76   68.01
   522   28.19   97.88
   523   26.61   87.64
   524   22.90   62.27
   525   26.08   95.11
   526   23.45   71.36
   527   32.05   99.00
   528   22.44   70.47
   529   17.80   53.99
   530   22.87   70.27
   531   22.97   68.26
   532   24.28   79.07
   533   22.83   76.82
   534   29.99   94.23
   535   23.56   73.83
   536   28.65   99.03
   537   25.53   80.43
   538   25.11   83.06
   539   24.66   75.75
   540   19.20   60.38
   541   23.76   80.30
   542   23.30   71.80
   543   26.34   90.55
   544   28.35   98.20
   545   27.28   85.39
   546   26.70   80.23
   547   23.77   72.18
   548   20.23   62.76
   549   24.14   69.52
   550   20.80   67.63
   551   21.61   70.34
   552   19.21   61.07
   553   27.88   87.84
   554   26.90   93.36
   555   25.05   79.66
   556   20.74   59.55
   557   18.94   62.19
   558   23.75   77.03
   559   26.89   78.28
   560   22.94   68.91
   561   21.08   73.50
   562   29.45   93.12
   563   22.87   67.72
   564   23.19   72.11
   565   23.14   73.18
   566   17.23   50.86
   567   25.74   79.71
   568   20.23   65.99
   569   22.96   69.00
   570   21.06   69.12
   571   24.16   74.96
   572   17.64   50.39
   573   25.61   76.43
   574   18.84   54.53
   575   28.49   92.72
   576   24.08   74.06
   577   21.64   64.23
   578   23.02   70.20
   579   29.59  102.40
   580   26.12   95.25
   581   20.48   59.32
   582   26.74   92.93
   583   22.79   70.67
   584   22.04   67.66
   585   28.65   76.93
   586   28.35   98.54
   587   20.99   61.55
   588   22.43   75.86
   589   27.99   88.73
   590   22.59   74.14
   591   23.48   73.49
   592   20.55   62.37
   593   21.76   67.30
   594   20.82   65.89
   595   18.90   58.03
   596   24.90   74.99
   597   28.33  103.30
   598   23.97   73.87
   599   20.05   62.20
   600   25.13   76.61
   601   30.35  102.50
   602   21.25   71.35
   603   20.50   63.28
   604   29.38  103.40
   605   19.55   60.34
   606   22.29   74.81
   607   23.39   71.34
   608   19.29   64.25
   609   20.13   61.47
   610   25.73   79.43
   611   24.01   75.65
   612   25.15   78.82
   613   22.98   70.87
   614   21.14   69.51
   615   20.37   66.59
   616   24.54   66.96
   617   22.01   72.49
   618   29.20  102.90
   619   28.30   96.39
   620   27.66   92.04
   621   26.20   85.25
   622   19.99   60.75
   623   19.44   65.68
   624   19.72   66.51
   625   18.41   55.72
   626   29.47  104.40
   627   24.76   76.11
   628   19.58   63.63
   629   21.98   68.07
   630   22.26   72.09
   631   21.09   76.67
   632   18.38   51.79
   633   21.53   69.70
   634   25.25   80.00
   635   29.84   95.67
   636   25.58   76.39
   637   23.96   78.25
   638   21.16   63.41
   639   19.04   66.23
   640   27.03   85.09
   641   26.97   75.72
   642   32.93  108.60
   643   27.90   91.16
   644   27.08   85.60
   645   22.34   68.91
   646   19.24   54.80
   647   26.80   83.58
   648   23.38   69.15
   649   23.27   75.52
   650   28.00   78.96
   651   21.54   71.64
   652   22.98   73.10
   653   22.85   72.26
   654   26.93   90.81
   655   24.06   72.53
   656   19.27   57.59
   657   22.98   62.86
   658   20.50   55.89
   659   19.93   61.59
   660   20.95   69.15
   661   26.37   82.76
   662   26.81   78.08
   663   29.02   92.04
   664   18.07   57.25
   665   21.99   60.91
   666   27.96   95.29
   667   27.87   92.10
   668   24.61   82.93
   669   27.31   81.92
   670   19.75   59.91
   671   19.44   60.69
   672   25.50   86.73
   673   21.34   69.73
   674   27.21   99.89
   675   19.37   54.38
   676   26.15   88.31
   677   28.96   89.87
   678   29.25   97.12
   679   20.43   66.30
   680   22.40   71.26
   681   19.53   55.98
   682   21.22   60.83
   683   28.69   87.02
   684   27.94   95.95
   685   21.59   65.24
   686   20.79   61.86
   687   19.68   64.43
   688   30.38  109.20
   689   20.74   65.44
   690   25.97   82.29
   691   19.69   62.22
   692   29.66  103.50
   693   21.65   87.25
   694   26.39   78.87
   695   25.02   75.60
   696   19.57   57.35
   697   21.36   66.32
   698   27.45  100.80
   699   22.37   74.02
   700   25.17   77.88
   701   19.19   56.44
   702   24.24   72.91
   703   18.33   57.99
   704   28.76   94.40
   705   27.61   86.93
   706   22.90   71.86
   707   21.16   66.16
   708   22.72   68.67
   709   23.62   85.45
   710   22.04   70.92
   711   28.06   93.16
   712   15.82   52.55
   713   26.21   91.07
   714   18.86   64.22
   715   27.89   93.73
   716   19.16   54.20
   717   18.84   60.31
   718   27.11   90.37
   719   24.41   73.90
   720   23.11   74.33
   721   22.53   75.02
   722   27.05   93.23
   723   20.25   71.60
   724   24.83   72.85
   725   24.17   74.06
   726   27.41   85.84
   727   24.41   81.30
   728   19.18   62.62
   729   23.44   78.13
   730   19.73   62.77
   731   23.18   73.65
   732   23.38   70.52
   733   27.77   94.34
   734   17.83   55.38
   735   19.86   58.07
   736   21.13   68.73
   737   19.99   59.49
   738   30.59   97.04
   739   29.40   98.54
   740   19.47   59.13
   741   22.50   79.96
   742   20.05   60.77
   743   24.19   81.27
   744   29.59  107.30
   745   22.03   75.02
   746   26.07   89.18
   747   19.37   57.60
   748   28.52   94.78
   749   20.92   66.65
   750   22.63   82.45
   751   24.17   78.52
   752   26.80   88.74
   753   23.90   77.35
   754   21.27   64.95
   755   21.75   59.41
   756   30.79  104.40
   757   23.07   75.66
   758   25.71   92.23
   759   26.87   91.18
   760   18.19   50.68
   761   22.48   65.03
   762   18.95   60.82
   763   18.29   54.76
   764   26.84   94.57
   765   23.58   92.07
   766   23.47   70.09
   767   23.33   70.73
   768   28.11   80.61
   769   27.66   82.52
   770   32.73  100.40
   771   18.47   65.05
   772   17.09   46.66
   773   25.12   78.62
   774   20.27   69.38
   775   15.80   49.94
   776   23.39   80.07
   777   17.82   48.11
   778   21.62   76.69
   779   19.67   55.66
   780   22.01   71.14
   781   27.95   97.67
   782   24.90   80.82
   783   21.91   75.83
   784   20.15   59.04
   785   21.74   68.19
   786   18.87   62.35
   787   21.32   62.71
   788   30.82  108.80
   789   27.87   82.24
   790   19.00   54.23
   791   20.15   59.89
   792   19.61   63.79
   793   20.58   68.72
   794   22.27   76.26
   795   16.35   49.32
   796   24.09   88.03
   797   20.56   62.93
   798   23.97   70.16
   799   26.99   88.57
   800   30.62   97.76
   801   17.83   55.84
   802   19.10   62.77
   803   19.32   57.41
   804   22.38   67.91
   805   22.83   69.45
   806   18.48   62.94
   807   28.58  108.10
   808   23.20   67.71
   809   25.01   77.70
   810   18.22   57.08
   811   25.50   81.33
   812   26.40   85.45
   813   24.97   83.02
   814   23.20   69.94
   815   25.49   81.38
   816   21.07   59.42
   817   30.10   93.71
   818   27.58   78.72
   819   21.26   54.41
   820   26.01   87.19
   821   25.40   82.36
   822   26.78   86.44
   823   21.05   71.14
   824   26.52   75.36
   825   18.38   57.44
   826   28.12  100.30
   827   28.62   84.76
   828   19.15   61.07
   829   23.04   79.48
   830   29.72   99.39
   831   22.47   66.73
   832   24.29   70.78
   833   23.73   87.16
   834   24.43   77.88
   835   24.58   77.99
   836   21.70   66.53
   837   16.96   51.40
   838   23.64   74.00
   839   19.96   63.39
   840   24.59   81.88
   841   22.95   76.15
   842   18.02   62.59
   843   21.06   60.43
   844   24.10   75.37
   845   22.48   86.47
   846   26.30   84.08
   847   19.81   64.26
   848   21.74   71.64
   849   23.16   73.19
   850   26.68   78.07
   851   25.80   84.33
   852   22.11   70.08
   853   22.03   65.64
   854   27.44   88.79
   855   21.91   69.01
   856   24.70   89.17
   857   28.92  100.00
   858   23.02   78.30
   859   22.15   79.61
   860   20.45   61.95
   861   18.28   54.63
   862   29.32   93.72
   863   20.77   57.03
   864   23.69   76.48
   865   25.51   81.61
   866   25.41   76.76
   867   22.37   68.70
   868   27.84   89.04
   869   25.71   77.56
   870   17.67   50.60
   871   26.36   97.98
   872   28.21   84.49
   873   18.39   58.65
   874   26.43   92.09
   875   23.20   69.83
   876   21.00   61.63
   877   22.87   72.85
   878   21.53   70.15
   879   24.75   79.55
   880   21.76   72.76
   881   18.58   58.83
   882   30.86  101.10
   883   23.83   79.61
   884   18.63   63.57
   885   18.90   63.16
   886   25.27   84.17
   887   17.60   57.94
   888   25.68   90.77
   889   21.11   69.90
   890   24.45   79.85
   891   24.84   82.03
   892   24.43   76.03
   893   24.58   74.45
   894   26.33   84.96
   895   23.54   67.41
   896   32.56  109.30
   897   20.12   63.23
   898   22.19   79.18
   899   26.64   87.84
   900   23.56   67.11
   901   19.48   58.88
   902   21.42   70.86
   903   24.67   71.69
   904   25.96   90.71
   905   27.25   91.55
   906   24.24   84.71
   907   27.69   85.39
   908   20.85   63.78
   909   20.19   65.32
   910   25.26   78.49
   911   26.29   96.24
   912   27.23   78.84
   913   28.96  103.30
   914   23.30   67.82
   915   23.60   71.29
   916   28.46  104.50
   917   27.76   95.23
   918   28.35   98.07
   919   28.63   98.08
   920   25.19   69.23
   921   26.70   76.56
   922   21.14   75.66
   923   24.57   75.33
   924   24.86   81.92
   925   21.73   66.32
   926   29.13   98.62
   927   24.95   89.02
   928   24.11   72.38
   929   26.46   87.39
   930   26.51   84.34
   931   24.99   79.07
   932   28.77   87.77
   933   24.57   82.84
   934   19.79   57.94
   935   19.55   58.67
   936   29.94   98.16
   937   21.25   61.40
   938   22.61   75.04
   939   25.38   89.12
   940   24.71   73.87
   941   25.27   90.84
   942   27.52   88.18
   943   24.04   86.04
   944   26.83   83.52
   945   24.22   81.29
   946   21.93   69.41
   947   25.20   86.87
   948   28.56  100.40
   949   26.42   91.94
   950   20.99   60.42
   951   20.28   63.54
   952   24.35   77.94
   953   22.46   68.73
   954   21.94   69.03
   955   29.49   85.84
   956   22.79   68.69
   957   22.91   62.74
   958   28.54   88.01
   959   28.49   90.25
   960   24.01   77.79
   961   18.02   59.11
   962   25.44   73.84
   963   23.54   70.27
   964   27.15   93.60
   965   24.80   74.56
   966   26.22   86.79
   967   21.29   74.24
   968   19.79   61.95
   969   22.10   70.12
   970   32.58  106.00
   971   24.99   77.02
   972   31.97  100.40
   973   24.10   64.24
   974   23.31   71.02
   975   21.92   62.14
   976   25.77   80.99
   977   21.28   70.79
   978   28.79   87.33
   979   26.05   84.49
   980   25.22   82.72
   981   27.55   90.70
   982   26.83   82.75
   983   21.40   70.21
   984   22.27   61.70
   985   29.94   92.62
   986   26.17   79.13
   987   21.21   71.10
   988   25.90   86.81
   989   21.59   65.77
   990   27.97   94.67
   991   27.22   83.77
   992   23.39   82.22
   993   25.55   82.18
   994   28.28   86.95
   995   22.81   79.51
   996   27.07   84.25
   997   23.42   73.07
   998   23.68   69.81
   999   27.79  101.30
  1000   19.34   61.62
  1001   20.35   57.31
  1002   16.85   58.24
  1003   21.22   68.44
  1004   25.89   81.60
  1005   25.22   75.07
  1006   22.60   76.45
  1007   23.30   79.69
  1008   26.16   79.93
  1009   22.30   76.53
  1010   19.89   71.01
  1011   23.46   70.66
  1012   19.22   54.01
  1013   23.55   80.52
  1014   16.72   55.18
  1015   20.50   63.33
  1016   32.57  113.30
  1017   23.29   77.40
  1018   18.80   57.80
  1019   20.50   72.56
  1020   22.21   66.96
  1021   24.57   78.73
  1022   25.99   81.35
  1023   22.43   71.02
  1024   25.26   92.97
  1025   24.01   81.29
  1026   20.60   65.73
  1027   23.42   79.27
  1028   26.08   75.74
  1029   24.69   72.31
  1030   32.16   98.93
  1031   19.61   55.95
  1032   27.74   88.70
  1033   23.81   80.18
  1034   24.27   79.74
  1035   26.93   79.27
  1036   22.97   68.93
  1037   25.98   80.09
  1038   19.75   67.83
  1039   21.24   65.25
  1040   23.80   76.36
  1041   20.21   60.44
  1042   24.12   69.14
  1043   26.06   89.20
  1044   19.69   54.86
  1045   28.01   81.59
  1046   22.95   70.25
  1047   25.43   83.86
  1048   29.02  108.10
  1049   26.36   90.47
  1050   21.04   65.60
  1051   19.83   61.28
  1052   24.78   86.70
  1053   26.67   86.24
  1054   28.42   87.41
  1055   26.50   80.59
  1056   23.65   75.24
  1057   26.96   78.64
  1058   26.55   77.34
  1059   28.66   97.42
  1060   25.70   82.38
  1061   21.09   65.06
  1062   28.59   93.62
  1063   19.95   66.01
  1064   24.81   80.84
  1065   25.58   82.63
  1066   24.28   77.98
  1067   22.61   72.13
  1068   20.91   64.74
  1069   30.93  109.60
  1070   22.49   76.24
  1071   21.62   74.68
  1072   19.13   54.11
  1073   19.15   56.62
  1074   21.89   61.49
  1075   23.22   70.30
  1076   22.97   77.99
  1077   22.76   64.88
  1078   20.76   67.12
  1079   25.95   74.10
  1080   32.80  114.80
  1081   31.29  108.90
  1082   26.58   74.16
  1083   27.56   87.83
  1084   21.47   68.72
  1085   22.77   74.64
  1086   19.47   58.30
  1087   21.91   81.85
  1088   25.55   86.93
  1089   25.17   75.51
  1090   28.07   88.10
  1091   23.90   76.18
  1092   23.49   69.01
  1093   27.61   84.07
  1094   25.45   75.83
  1095   26.42   84.64
  1096   27.37   77.23
  1097   25.36   83.62
  1098   21.84   79.58
  1099   24.76   83.34
  1100   23.63   78.57
  1101   23.31   69.58
  1102   25.92   88.44
  1103   20.19   59.72
  1104   22.70   71.55
  1105   22.70   69.50
  1106   18.27   58.93
  1107   21.11   70.02
  1108   24.20   79.99
  1109   22.88   71.15
  1110   25.79   79.95
  1111   26.93   83.26
  1112   29.40   91.49
  1113   26.11   72.74
  1114   15.74   49.04
  1115   19.18   55.81
  1116   24.98   84.47
  1117   20.63   64.76
  1118   26.56   87.23
  1119   20.45   62.72
  1120   23.33   80.50
  1121   23.63   70.17
  1122   25.12   84.62
  1123   23.33   65.90
  1124   27.60   86.79
  1125   20.35   61.70
  1126   20.34   54.56
  1127   21.66   70.10
  1128   24.46   84.19
  1129   28.44   94.39
  1130   24.67   84.49
  1131   28.95   92.43
  1132   24.53   67.26
  1133   22.70   62.62
  1134   21.14   66.98
  1135   26.51   76.04
  1136   22.44   64.34
  1137   18.62   59.63
  1138   24.23   81.31
  1139   27.31   82.84
  1140   23.72   73.71
  1141   26.39   78.05
  1142   25.92   79.06
  1143   21.18   58.14
  1144   21.86   63.36
  1145   25.61   90.49
  1146   27.35   97.24
  1147   21.69   71.67
  1148   27.11   88.49
  1149   30.74   99.87
  1150   27.55   89.96
  1151   26.43   82.21
  1152   24.53   74.83
  1153   25.75   79.09
  1154   27.04   91.67
  1155   27.09   97.16
  1156   21.24   70.15
  1157   21.71   71.76
  1158   25.97   83.86
  1159   30.49  100.40
  1160   19.36   56.64
  1161   18.90   55.20
  1162   20.72   65.65
  1163   19.56   69.30
  1164   21.33   82.53
  1165   19.03   61.23
  1166   23.38   70.42
  1167   24.15   90.23
  1168   21.89   74.46
  1169   26.48   74.89
  1170   22.62   76.01
  1171   23.98   72.76
  1172   31.24  106.90
  1173   27.07   84.44
  1174   22.36   64.49
  1175   28.92   93.20
  1176   24.02   73.96
  1177   23.21   73.53
  1178   24.05   73.29
  1179   19.00   56.19
  1180   28.47   93.41
  1181   26.32   83.05
  1182   19.77   60.91
  1183   18.01   54.02
  1184   23.89   67.03
  1185   19.65   60.14
  1186   26.81   82.31
  1187   21.83   73.57
  1188   22.84   75.10
  1189   26.59   82.12
  1190   20.84   69.94
  1191   19.77   57.16
  1192   20.50   65.37
  1193   23.02   81.98
  1194   24.53   73.83
  1195   25.16   85.35
  1196   25.63   83.64
  1197   24.44   75.31
  1198   26.30   92.06
  1199   22.99   69.21
  1200   30.97   97.54
  1201   23.96   76.67
  1202   21.32   61.66
  1203   18.63   58.78
  1204   25.89   86.98
  1205   17.21   49.56
  1206   21.83   65.68
  1207   25.58   80.69
  1208   29.23   97.40
  1209   24.29   77.02
  1210   23.02   73.47
  1211   25.43   84.47
  1212   21.10   65.38
  1213   24.36   66.52
  1214   24.30   85.69
  1215   18.52   53.99
  1216   29.94   96.25
  1217   24.24   82.03
  1218   24.24   72.21
  1219   28.72   92.12
  1220   27.73   87.59
  1221   22.18   65.15
  1222   22.77   73.53
  1223   22.93   64.27
  1224   21.33   64.56
  1225   20.69   66.87
  1226   24.30   80.48
  1227   26.75   76.77
  1228   25.09   73.77
  1229   27.59   89.62
  1230   25.15   98.07
  1231   24.09   82.07
  1232   26.63   80.41
  1233   28.05   84.41
  1234   28.54   90.67
  1235   23.90   74.09
  1236   25.99   74.26
  1237   22.88   73.06
  1238   22.39   70.16
  1239   32.23  107.10
  1240   25.34   77.33
  1241   22.09   68.56
  1242   25.04   83.25
  1243   23.01   76.06
  1244   21.05   72.92
  1245   28.54   92.75
  1246   24.90   90.92
  1247   24.41   74.49
  1248   26.81   82.84
  1249   27.57   94.35
  1250   26.81   80.80
  1251   19.81   65.06
  1252   23.87   77.85
  1253   20.63   56.22
  1254   26.38   90.96
  1255   22.94   68.79
  1256   25.75   81.07
  1257   26.18   78.16
  1258   20.99   68.67
  1259   25.28   72.88
  1260   21.67   68.13
  1261   28.82   85.04
  1262   22.52   59.32
  1263   18.84   58.68
  1264   20.47   65.28
  1265   23.90   83.96
  1266   27.83   88.30
  1267   25.29   80.30
  1268   20.99   65.25
  1269   26.08   88.05
  1270   24.01   69.85
  1271   22.86   63.40
  1272   28.48  102.00
  1273   26.09   85.15
  1274   24.26   87.13
  1275   24.25   70.46
  1276   26.45   84.42
  1277   30.76  110.50
  1278   26.56   88.99
  1279   25.34   84.29
  1280   20.87   63.92
  1281   18.07   60.03
  1282   24.84   86.75
  1283   24.16   78.34
  1284   27.79   90.96
  1285   20.92   60.42
  1286   25.76   88.31
  1287   24.07   76.33
  1288   25.28   75.33
  1289   21.86   65.68
  1290   19.86   63.75
  1291   21.40   71.68
  1292   25.79   81.81
  1293   28.75   93.67
  1294   29.93   92.68
  1295   25.79   82.26
  1296   24.64   68.56
  1297   24.44   70.30
  1298   23.58   76.23
  1299   30.16  101.80
  1300   19.75   61.81
  1301   23.61   72.99
  1302   27.80   89.51
  1303   25.20   81.65
  1304   17.58   51.50
  1305   22.63   65.80
  1306   17.78   54.62
  1307   28.53   97.22
  1308   26.36   88.03
  1309   23.62   83.04
  1310   24.36   73.22
  1311   18.44   65.96
  1312   26.07   81.75
  1313   28.84   95.64
  1314   19.03   51.33
  1315   28.69  101.70
  1316   18.25   50.89
  1317   29.25  101.70
  1318   25.10   80.75
  1319   21.29   66.13
  1320   22.32   71.30
  1321   23.11   81.81
  1322   27.33   89.80
  1323   26.76   90.08
  1324   18.39   56.91
  1325   22.26   68.21
  1326   24.26   73.45
  1327   22.47   74.44
  1328   22.70   65.71
  1329   28.67   94.10
  1330   21.70   69.41
  1331   22.50   67.06
  1332   21.98   69.90
  1333   29.99   93.70
  1334   17.62   58.57
  1335   21.09   59.96
  1336   19.48   58.85
  1337   25.90   87.27
  1338   18.86   59.77
  1339   19.32   64.17
  1340   25.85   84.02
  1341   24.64   79.11
  1342   18.15   54.77
  1343   22.36   69.05
  1344   25.04   78.57
  1345   23.22   72.20
  1346   25.05   74.54
  1347   19.53   54.00
  1348   23.33   74.50
  1349   25.74   80.95
  1350   22.85   76.91
  1351   22.33   69.89
  1352   27.74   86.84
  1353   23.82   78.71
  1354   26.59  101.50
  1355   26.31   78.21
  1356   25.67   88.75
  1357   21.80   68.04
  1358   25.10   77.09
  1359   17.78   52.08
  1360   26.12   83.03
  1361   19.96   61.05
  1362   24.80   73.70
  1363   27.32   85.64
  1364   19.19   64.41
  1365   24.24   75.05
  1366   32.04  113.90
  1367   18.60   57.75
  1368   19.07   54.64
  1369   22.20   70.38
  1370   22.01   67.81
  1371   26.22   82.98
  1372   23.08   68.08
  1373   25.17   79.47
  1374   24.81   88.68
  1375   20.01   62.25
  1376   28.59   91.66
  1377   17.38   59.35
  1378   18.77   64.91
  1379   21.29   68.60
  1380   27.31   93.41
  1381   23.43   74.87
  1382   23.96   66.69
  1383   26.43   73.88
  1384   28.37   87.81
  1385   29.73  101.90
  1386   24.23   81.90
  1387   28.04   89.20
  1388   26.81   97.48
  1389   24.57   75.25
  1390   25.59   83.39
  1391   22.62   82.39
  1392   17.97   56.30
  1393   20.24   66.17
  1394   27.46   78.81
  1395   23.04   71.53
  1396   23.80   83.86
  1397   24.29   76.97
  1398   23.62   71.35
  1399   28.35   89.33
  1400   21.88   66.58
  1401   17.87   50.34
  1402   29.58   99.30
  1403   22.64   82.88
  1404   20.15   64.47
  1405   23.98   73.33
  1406   16.90   56.07
  1407   23.34   72.73
  1408   25.41   86.69
  1409   29.52  102.60
  1410   28.52  100.80
  1411   20.12   63.74
  1412   20.92   68.47
  1413   23.51   80.51
  1414   17.30   54.17
  1415   27.55   83.88
  1416   24.62   75.00
  1417   20.07   66.47
  1418   25.83   89.94
  1419   21.98   71.64
  1420   28.67   89.55
  1421   17.19   55.12
  1422   18.40   58.69
  1423   27.98   83.33
  1424   21.70   72.77
  1425   22.00   78.18
  1426   18.40   61.30
  1427   29.49  104.00
  1428   25.18   82.55
  1429   19.69   58.68
  1430   21.35   74.06
  1431   22.80   74.50
  1432   25.57   78.38
  1433   27.11   82.58
  1434   27.14   85.74
  1435   26.24   79.45
  1436   25.91   83.60
  1437   23.77   82.85
  1438   22.82   78.04
  1439   24.66   72.89
  1440   19.31   52.33
  1441   25.29   84.36
  1442   23.65   75.38
  1443   26.27   83.18
  1444   21.92   69.05
  1445   22.29   80.89
  1446   22.51   75.08
  1447   25.25   80.58
  1448   25.97   81.24
  1449   20.34   61.26
  1450   19.63   57.06
  1451   21.53   65.95
  1452   20.08   60.32
  1453   17.83   57.07
  1454   19.55   65.39
  1455   19.12   65.95
  1456   17.92   61.57
  1457   18.10   56.65
  1458   29.23   90.46
  1459   21.17   71.54
  1460   21.59   66.68
  1461   22.01   71.36
  1462   23.14   72.38
  1463   25.48   83.78
  1464   26.06   86.26
  1465   24.19   81.66
  1466   28.72   87.80
  1467   27.13   90.59
  1468   24.04   77.31
  1469   20.38   68.91
  1470   23.23   74.53
  1471   21.27   72.24
  1472   21.82   66.62
  1473   24.20   75.39
  1474   27.22   94.75
  1475   26.45   94.12
  1476   20.39   68.10
  1477   19.02   58.28
  1478   29.67   92.85
  1479   22.09   69.05
  1480   24.29   80.43
  1481   25.98   89.71
  1482   19.58   65.63
  1483   25.27   76.97
  1484   19.99   73.47
  1485   24.88   88.59
  1486   22.84   75.18
  1487   28.74   98.99
  1488   24.62   73.83
  1489   21.52   69.77
  1490   15.72   47.98
  1491   22.89   79.70
  1492   20.32   58.90
  1493   23.24   66.67
  1494   27.71   97.38
  1495   19.52   63.02
  1496   23.40   73.11
  1497   30.59  111.70
  1498   23.74   72.46
  1499   31.07  104.70
  1500   20.10   58.39
  1501   23.25   66.75
  1502   18.80   73.45
  1503   22.00   68.46
  1504   17.68   59.10
  1505   19.27   61.77
  1506   27.55   84.34
  1507   27.10   99.40
  1508   22.94   69.60
  1509   28.02   88.88
  1510   22.94   74.83
  1511   21.56   64.26
  1512   22.01   68.48
  1513   19.59   58.20
  1514   25.63   80.51
  1515   23.78   76.24
  1516   21.08   72.09
  1517   25.77   85.20
  1518   21.80   76.79
  1519   21.93   62.44
  1520   21.91   65.08
  1521   28.32   90.37
  1522   22.03   63.42
  1523   28.54   91.58
  1524   26.67   80.84
  1525   28.58   99.21
  1526   25.46   72.06
  1527   26.65   77.87
  1528   21.64   68.10
  1529   19.86   56.30
  1530   29.15   89.54
  1531   25.15   86.97
  1532   23.65   80.55
  1533   23.81   72.86
  1534   27.81   94.12
  1535   24.45   79.51
  1536   18.40   58.46
  1537   24.44   73.19
  1538   26.68   89.27
  1539   23.68   65.39
  1540   25.23   71.95
  1541   31.74  106.70
  1542   32.40   98.77
  1543   18.53   66.20
  1544   19.22   60.23
  1545   27.79   81.48
  1546   30.38  106.40
  1547   22.87   71.22
  1548   22.66   75.77
  1549   24.75   81.92
  1550   18.36   53.52
  1551   19.23   58.35
  1552   18.99   55.28
  1553   26.24   83.41
  1554   22.36   70.82
  1555   23.55   79.35
  1556   21.90   68.18
  1557   20.70   68.14
  1558   21.80   75.64
  1559   17.59   48.88
  1560   25.61   87.84
  1561   23.33   74.78
  1562   28.26   90.69
  1563   24.67   69.13
  1564   23.52   85.78
  1565   26.39   92.60
  1566   22.19   73.39
  1567   24.33   81.69
  1568   22.13   60.78
  1569   18.47   56.63
  1570   19.24   57.45
  1571   26.69   81.76
  1572   23.83   85.45
  1573   27.72   83.07
  1574   26.06   71.81
  1575   23.96   81.57
  1576   26.13   86.25
  1577   19.67   65.36
  1578   24.48   77.27
  1579   28.55   95.02
  1580   26.87   77.62
  1581   27.46   96.27
  1582   17.51   60.53
  1583   27.84   93.06
  1584   22.46   75.52
  1585   26.15   80.00
  1586   22.32   73.49
  1587   23.47   84.42
  1588   30.56   95.85
  1589   22.49   68.50
  1590   21.79   80.56
  1591   22.28   70.42
  1592   27.45   85.42
  1593   24.79   77.86
  1594   22.50   75.76
  1595   19.27   60.40
  1596   21.01   64.68
  1597   23.10   80.46
  1598   24.11   74.31
  1599   21.34   69.49
  1600   25.18   75.93
  1601   25.21   84.90
  1602   23.70   74.79
  1603   27.53   90.04
  1604   22.79   64.04
  1605   24.89   86.43
  1606   21.06   71.71
  1607   23.10   73.29
  1608   20.62   57.19
  1609   24.63   83.05
  1610   20.23   57.63
  1611   23.30   67.64
  1612   20.90   65.02
  1613   25.14   76.89
  1614   26.81   90.14
  1615   23.70   79.24
  1616   27.15   81.55
  1617   27.57   93.88
  1618   21.27   75.44
  1619   16.92   53.14
  1620   25.01   76.73
  1621   25.71   72.23
  1622   24.17   75.76
  1623   20.19   58.97
  1624   21.30   69.32
  1625   23.34   73.58
  1626   23.50   75.04
  1627   23.15   74.79
  1628   26.40   83.71
  1629   21.01   62.87
  1630   18.29   57.51
  1631   28.87   82.17
  1632   29.55   90.56
  1633   22.16   64.17
  1634   26.80   85.37
  1635   26.87   87.39
  1636   30.24  102.30
  1637   27.71   93.92
  1638   24.84   79.39
  1639   30.36  105.60
  1640   28.00   92.40
  1641   17.36   60.35
  1642   20.86   71.66
  1643   21.13   64.73
  1644   23.68   80.44
  1645   25.07   72.88
  1646   23.00   76.09
  1647   26.18   77.28
  1648   30.06   96.86
  1649   19.55   62.92
  1650   18.82   60.51
  1651   22.88   68.05
  1652   28.49  104.30
  1653   22.09   76.50
  1654   27.53   92.85
  1655   22.63   74.45
  1656   22.81   75.24
  1657   21.79   64.87
  1658   24.77   80.11
  1659   31.78  110.80
  1660   19.61   60.28
  1661   24.33   77.86
  1662   25.07   76.93
  1663   26.63   88.03
  1664   24.82   80.32
  1665   20.48   62.37
  1666   20.12   55.28
  1667   27.81   86.55
  1668   26.82   95.20
  1669   19.27   65.13
  1670   19.71   62.97
  1671   20.34   60.76
  1672   25.20   71.40
  1673   23.96   76.97
  1674   26.17   82.05
  1675   21.41   68.76
  1676   25.48   82.22
  1677   20.33   65.79
  1678   22.03   68.22
  1679   25.65   80.73
  1680   24.73   90.55
  1681   23.01   75.52
  1682   31.46  103.00
  1683   23.43   77.20
  1684   21.84   81.38
  1685   29.21   90.19
  1686   24.17   78.88
  1687   23.94   89.61
  1688   21.34   79.69
  1689   25.31   72.28
  1690   22.76   67.34
  1691   17.90   58.40
  1692   23.32   70.94
  1693   26.68   81.57
  1694   20.58   54.44
  1695   19.84   64.17
  1696   18.25   56.78
  1697   18.86   54.16
  1698   25.65   85.14
  1699   20.01   57.96
  1700   17.06   52.00
  1701   23.38   81.31
  1702   22.38   70.12
  1703   19.78   70.22
  1704   20.45   60.33
  1705   28.01   83.86
  1706   23.73   78.52
  1707   22.93   77.02
  1708   29.17   96.33
  1709   23.14   63.55
  1710   23.24   83.03
  1711   23.30   78.65
  1712   21.58   63.00
  1713   26.58   93.95
  1714   21.47   67.23
  1715   19.47   55.89
  1716   25.83   80.03
  1717   20.68   64.04
  1718   23.50   75.35
  1719   26.47   81.38
  1720   21.97   67.38
  1721   22.76   64.61
  1722   31.52  108.20
  1723   23.55   74.13
  1724   26.24   83.50
  1725   21.90   63.00
  1726   28.85   98.06
  1727   21.33   66.71
  1728   28.79   98.91
  1729   19.86   62.46
  1730   23.88   77.52
  1731   27.00   80.17
  1732   29.79   97.76
  1733   23.94   90.60
  1734   18.63   55.04
  1735   29.98   96.88
  1736   22.37   65.49
  1737   26.49   88.25
  1738   21.43   70.82
  1739   22.95   75.69
  1740   22.73   70.32
  1741   19.13   68.71
  1742   23.80   91.44
  1743   22.90   70.61
  1744   20.88   68.92
  1745   28.31   89.15
  1746   20.15   63.11
  1747   23.00   80.48
  1748   23.90   70.69
  1749   23.36   84.29
  1750   22.82   77.32
  1751   26.89   91.94
  1752   18.73   59.32
  1753   19.44   63.14
  1754   21.17   69.02
  1755   20.08   58.14
  1756   24.15   74.32
  1757   28.18   85.92
  1758   21.97   62.70
  1759   31.23   98.18
  1760   23.39   74.24
  1761   17.93   60.88
  1762   21.59   67.13
  1763   26.48   86.98
  1764   24.92   77.73
  1765   25.12   86.29
  1766   25.43   78.12
  1767   22.74   77.45
  1768   18.56   60.48
  1769   21.18   65.64
  1770   21.93   80.42
  1771   18.68   65.54
  1772   28.37   90.50
  1773   27.46   91.74
  1774   31.15  103.50
  1775   19.32   67.61
  1776   24.77   86.19
  1777   28.40   97.73
  1778   22.47   69.26
  1779   21.24   59.13
  1780   21.85   73.65
  1781   21.20   59.61
  1782   23.32   75.97
  1783   23.55   69.37
  1784   26.19   80.69
  1785   24.07   72.05
  1786   21.17   66.17
  1787   20.56   60.17
  1788   23.89   77.84
  1789   25.72   82.99
  1790   22.87   71.52
  1791   26.94   92.89
  1792   21.95   69.72
  1793   22.64   67.52
  1794   31.33  113.00
  1795   26.88   88.23
  1796   19.00   62.30
  1797   21.11   61.96
  1798   18.93   57.61
  1799   23.83   68.94
  1800   24.15   78.46
  1801   24.93   75.76
  1802   24.59   72.20
  1803   23.56   77.54
  1804   19.59   63.79
  1805   17.76   50.16
  1806   29.29   98.65
  1807   28.44   99.38
  1808   24.00   81.42
  1809   24.16   76.51
  1810   25.29   73.33
  1811   25.01   77.95
  1812   32.05  102.00
  1813   22.87   74.96
  1814   17.26   52.56
  1815   19.88   62.91
  1816   19.86   60.53
  1817   27.34   87.49
  1818   21.46   69.48
  1819   23.42   76.73
  1820   17.87   53.86
  1821   19.24   63.29
  1822   31.46  108.50
  1823   22.39   70.51
  1824   24.05   76.35
  1825   25.98   81.13
  1826   24.47   85.43
  1827   23.07   64.90
  1828   21.03   68.72
  1829   22.68   72.00
  1830   20.87   65.67
  1831   30.80  106.40
  1832   26.01   77.53
  1833   23.26   76.22
  1834   25.30   86.69
  1835   26.35   79.08
  1836   21.05   59.49
  1837   21.38   70.10
  1838   20.78   59.81
  1839   19.50   53.73
  1840   30.42  105.80
  1841   23.92   74.11
  1842   28.05   95.83
  1843   21.17   67.23
  1844   20.84   57.93
  1845   19.13   59.96
  1846   25.76   84.90
  1847   20.52   65.73
  1848   24.24   78.60
  1849   28.20   87.91
  1850   21.36   73.97
  1851   26.94   75.64
  1852   21.98   63.00
  1853   23.74   76.83
  1854   19.34   58.44
  1855   20.12   62.70
  1856   28.12  101.90
  1857   24.97   82.62
  1858   23.35   75.84
  1859   26.08   70.70
  1860   22.78   74.66
  1861   31.35  113.60
  1862   21.00   64.40
  1863   25.16   75.36
  1864   18.92   59.73
  1865   24.41   85.74
  1866   21.95   67.07
  1867   18.43   55.72
  1868   27.13   90.33
  1869   16.92   54.16
  1870   19.93   61.80
  1871   19.54   55.92
  1872   23.58   70.23
  1873   28.91   86.39
  1874   24.77   80.23
  1875   25.07   87.84
  1876   23.36   81.36
  1877   27.70   80.64
  1878   26.45   79.79
  1879   20.77   69.33
  1880   23.50   66.22
  1881   26.25   84.02
  1882   23.71   72.81
  1883   27.26   92.87
  1884   21.07   60.41
  1885   25.01   83.40
  1886   21.10   65.94
  1887   24.02   79.90
  1888   19.75   61.29
  1889   21.98   71.68
  1890   27.37   87.57
  1891   23.35   68.83
  1892   26.00   81.45
  1893   28.94  105.70
  1894   24.93   87.28
  1895   23.76   66.64
  1896   22.70   63.61
  1897   19.85   60.82
  1898   28.84   89.81
  1899   24.97   80.51
  1900   25.32   83.63
  1901   22.56   73.05
  1902   17.76   55.94
  1903   28.73   90.23
  1904   24.75   92.12
  1905   21.77   63.56
  1906   19.63   70.82
  1907   24.93   76.00
  1908   19.09   63.52
  1909   23.89   73.66
  1910   21.10   57.18
  1911   23.88   66.28
  1912   23.55   70.53
  1913   24.31   78.70
  1914   27.33   90.82
  1915   22.55   70.49
  1916   25.41   72.49
  1917   28.01   98.15
  1918   26.34   84.20
  1919   30.05  102.60
  1920   21.48   63.88
  1921   18.67   56.40
  1922   26.88   80.28
  1923   23.85   76.51
  1924   26.89   90.76
  1925   18.15   60.58
  1926   25.01   80.88
  1927   25.85   89.47
  1928   21.76   68.78
  1929   24.67   73.60
  1930   25.37   74.53
  1931   25.23   88.89
  1932   27.27   93.86
  1933   25.46   84.08
  1934   19.36   61.21
  1935   23.92   73.75
  1936   28.08   92.62
  1937   27.57   82.13
  1938   24.06   71.77
  1939   28.67   86.59
  1940   25.99   79.88
  1941   25.24   85.79
  1942   21.01   58.29
  1943   23.54   75.91
  1944   17.89   55.69
  1945   23.51   67.96
  1946   25.79   76.97
  1947   24.39   83.15
  1948   21.74   69.93
  1949   20.98   66.42
  1950   16.97   59.78
  1951   25.76   85.37
  1952   20.85   68.57
  1953   25.60   90.58
  1954   22.06   64.66
  1955   23.68   66.66
  1956   20.81   60.84
  1957   21.83   63.41
  1958   20.52   64.19
  1959   28.71   93.00
  1960   25.59   77.11
  1961   23.57   68.71
  1962   25.34   80.87
  1963   26.88   82.05
  1964   19.08   57.61
  1965   22.48   78.07
  1966   24.22   83.87
  1967   28.17   86.83
  1968   30.64  100.80
  1969   20.01   56.33
  1970   20.54   57.10
  1971   24.72   74.83
  1972   26.06   90.23
  1973   22.44   76.48
  1974   22.34   68.69
  1975   23.55   76.19
  1976   18.83   56.37
  1977   22.67   77.55
  1978   28.32   93.40
  1979   20.24   59.69
  1980   19.34   53.85
  1981   26.13   77.38
  1982   26.57   88.01
  1983   23.78   71.55
  1984   28.72   91.16
  1985   29.08   83.12
  1986   20.88   62.89
  1987   20.78   63.52
  1988   23.21   82.16
  1989   23.70   75.54
  1990   22.22   63.72
  1991   20.05   59.40
  1992   26.60   80.36
  1993   26.25   85.45
  1994   24.41   80.75
  1995   24.80   81.65
  1996   23.18   82.21
  1997   23.41   70.02
  1998   25.81   82.58
  1999   25.68   86.26
  2000   23.17   69.56
