     1   28.65   89.92
     2   25.77   72.11
     3   21.65   61.27
     4   20.22   63.47
     5   22.94   73.80
     6   24.60   85.42
     7   20.68   68.24
     8   24.17   73.61
     9   24.57   87.91
    10   21.26   71.93
    11   27.22   92.31
    12   25.11   76.45
    13   19.98   63.53
    14   21.81   76.17
    15   23.76   75.31
    16   22.09   68.76
    17   22.19   71.02
    18   23.51   82.11
    19   23.77   75.07
    20   21.86   67.52
    21   21.13   66.80
    22   22.68   79.54
    23   27.65   96.65
    24   24.19   76.65
    25   21.81   65.71
    26   30.18  104.00
    27   22.39   73.29
    28   27.66   92.39
    29   21.66   67.38
    30   23.01   75.42
    31   36.74  127.30
    32   21.15   73.78
    33   21.21   66.00
    34   20.58   63.75
    35   29.87  101.40
    36   25.49   84.08
    37   28.04   90.17
    38   23.82   76.73
    39   26.90   87.38
    40   30.92   97.82
    41   26.46   88.55
    42   23.69   73.77
    43   17.69   53.31
    44   22.45   77.70
    45   22.24   76.55
    46   23.00   68.44
    47   29.10   89.35
    48   26.13   91.56
    49   22.63   67.99
    50   25.57   75.89
    51   24.42   69.55
    52   29.33   83.00
    53   24.80   86.10
    54   29.25   94.93
    55   27.14   85.23
    56   20.22   61.20
    57   29.15   90.45
    58   21.86   61.01
    59   28.12   91.38
    60   26.25   91.38
    61   25.30   78.20
    62   29.80   85.48
    63   25.89   91.22
    64   23.73   72.42
    65   24.96   82.81
    66   19.57   54.74
    67   23.65   84.03
    68   23.92   73.33
    69   26.53   90.42
    70   26.92   94.46
    71   23.65   76.80
    72   22.17   70.96
    73   21.47   62.68
    74   23.15   71.23
    75   24.85   84.52
    76   29.29   93.94
    77   23.86   86.86
    78   21.73   68.86
    79   24.34   71.81
    80   23.43   71.11
    81   30.14   98.90
    82   20.41   72.39
    83   27.78   93.37
    84   20.66   58.95
    85   20.33   61.67
    86   24.32   77.27
    87   27.70   93.19
    88   20.80   64.07
    89   22.73   64.79
    90   24.91   81.14
    91   20.67   59.05
    92   22.17   67.58
    93   25.14   85.30
    94   23.36   75.53
    95   22.53   71.46
    96   23.45   74.46
    97   23.33   78.22
    98   23.61   79.47
    99   24.50   82.25
   100   21.90   70.88
   101   23.97   75.05
   102   20.50   61.40
   103   20.84   66.11
   104   19.69   65.29
   105   21.88   70.21
   106   22.92   77.87
   107   22.66   64.66
   108   24.37   82.10
   109   24.01   74.60
   110   20.16   68.60
   111   25.38   91.09
   112   23.97   85.56
   113   21.66   65.50
   114   22.37   68.63
   115   24.99   71.14
   116   20.99   59.66
   117   21.98   64.49
   118   33.44  108.30
   119   22.42   73.03
   120   28.46   80.62
   121   21.50   76.17
   122   22.77   74.22
   123   25.59   83.66
   124   23.96   72.82
   125   23.00   77.63
   126   23.47   85.25
   127   20.47   63.53
   128   22.78   65.13
   129   27.64   93.80
   130   26.18   86.44
   131   26.81   87.06
   132   31.35   88.74
   133   24.82   80.35
   134   22.42   68.03
   135   21.69   62.82
   136   21.26   79.16
   137   21.72   68.74
   138   29.48   98.74
   139   20.41   58.14
   140   24.29   73.29
   141   18.82   60.56
   142   25.04   90.97
   143   22.79   71.93
   144   22.09   71.07
   145   25.82  101.50
   146   24.71   73.69
   147   27.54   93.49
   148   24.75   72.73
   149   31.05   95.45
   150   24.25   86.66
   151   29.48   96.81
   152   25.45   84.11
   153   22.27   71.23
   154   24.68   84.93
   155   21.45   65.57
   156   24.36   78.22
   157   22.80   71.20
   158   28.30   84.92
   159   22.44   75.10
   160   23.74   74.19
   161   22.88   73.17
   162   22.81   74.59
   163   25.55   86.39
   164   21.54   65.69
   165   21.27   64.09
   166   23.83   74.17
   167   23.14   85.24
   168   25.07   87.26
   169   24.81   77.51
   170   21.94   64.11
   171   23.32   77.98
   172   19.76   70.72
   173   23.20   86.01
   174   27.12  101.60
   175   18.57   53.85
   176   26.63   76.95
   177   23.29   75.96
   178   25.54   84.86
   179   23.56   71.19
   180   28.21   88.86
   181   23.23   76.91
   182   25.02   78.56
   183   23.05   64.78
   184   21.97   67.34
   185   33.20  100.40
   186   25.57   82.89
   187   21.49   69.04
   188   21.70   60.53
   189   30.58  104.50
   190   25.33   77.74
   191   25.36   85.42
   192   23.43   69.50
   193   24.92   83.12
   194   20.71   65.86
   195   23.17   81.09
   196   23.96   74.19
   197   25.55   81.20
   198   28.22  105.30
   199   25.90   83.68
   200   21.60   68.10
   201   21.52   72.85
   202   25.24   87.81
   203   25.32   83.84
   204   35.15  116.00
   205   20.83   66.56
   206   19.66   61.74
   207   23.50   69.28
   208   25.28   82.87
   209   25.98   91.23
   210   23.57   79.63
   211   26.88   78.89
   212   19.23   60.31
   213   26.58   95.03
   214   24.03   74.78
   215   20.05   71.51
   216   18.92   52.59
   217   23.72   80.12
   218   23.41   72.68
   219   21.28   64.10
   220   22.13   68.97
   221   23.33   75.42
   222   28.82   89.71
   223   25.27   78.94
   224   25.47   82.18
   225   20.43   65.28
   226   26.32   77.78
   227   26.60   81.49
   228   27.05   91.91
   229   20.21   64.16
   230   26.09   90.71
   231   25.43   74.44
   232   22.64   79.81
   233   25.29   88.17
   234   24.90   86.37
   235   25.04   72.32
   236   24.76   77.84
   237   25.86   77.30
   238   25.93   71.89
   239   24.04   82.89
   240   28.96   97.66
   241   29.72   92.94
   242   25.14   85.83
   243   24.05   88.35
   244   22.83   82.30
   245   22.04   66.55
   246   25.68   76.80
   247   22.79   76.27
   248   20.80   68.07
   249   24.57   69.57
   250   24.78   78.59
   251   26.53   83.53
   252   21.14   67.50
   253   23.83   71.70
   254   24.14   82.36
   255   23.52   71.40
   256   25.85   76.58
   257   25.19   82.39
   258   24.82   86.00
   259   24.71   73.04
   260   28.64   97.12
   261   22.40   73.20
   262   21.00   68.29
   263   24.40   73.38
   264   19.02   62.51
   265   23.46   70.69
   266   22.61   73.88
   267   28.91   93.28
   268   25.02   77.14
   269   20.18   59.92
   270   27.06   93.69
   271   26.39   89.94
   272   29.87   90.88
   273   22.34   68.61
   274   22.17   76.12
   275   22.47   78.32
   276   21.63   64.90
   277   24.70   83.73
   278   22.62   71.34
   279   22.76   68.97
   280   22.17   68.65
   281   25.17   78.25
   282   29.72   85.34
   283   24.64   84.90
   284   24.08   86.82
   285   20.80   77.06
   286   22.04   73.26
   287   21.36   65.32
   288   22.77   69.57
   289   23.42   75.51
   290   26.04   89.29
   291   19.85   68.42
   292   26.54   81.55
   293   21.54   69.66
   294   20.76   66.55
   295   20.31   62.70
   296   19.41   62.69
   297   23.15   79.04
   298   24.00   77.12
   299   20.47   58.60
   300   27.08   83.55
   301   22.33   69.75
   302   21.11   64.76
   303   25.10   79.44
   304   21.92   69.16
   305   19.59   59.80
   306   25.46   87.33
   307   25.70   80.08
   308   22.88   77.76
   309   21.69   71.87
   310   23.21   80.50
   311   22.63   71.31
   312   21.49   73.06
   313   21.03   66.85
   314   23.30   67.19
   315   32.00  105.60
   316   25.14   85.00
   317   21.07   68.03
   318   20.73   74.16
   319   22.17   72.61
   320   20.92   66.01
   321   21.19   74.46
   322   20.21   72.85
   323   24.03   77.67
   324   19.33   57.11
   325   27.55   88.65
   326   20.43   69.11
   327   21.76   72.43
   328   23.90   73.94
   329   21.13   73.06
   330   25.05   77.45
   331   24.38   82.93
   332   23.20   78.29
   333   23.88   85.16
   334   23.59   78.18
   335   22.00   69.04
   336   28.96   99.53
   337   23.35   68.71
   338   22.11   72.85
   339   21.60   60.74
   340   24.66   79.04
   341   25.44   82.84
   342   24.10   83.41
   343   23.21   71.49
   344   23.55   79.99
   345   30.09   89.13
   346   21.74   65.47
   347   25.53   78.04
   348   26.63   86.23
   349   21.74   60.04
   350   19.71   60.68
   351   19.62   76.54
   352   22.62   79.43
   353   23.17   65.65
   354   23.92   79.65
   355   23.12   70.42
   356   26.27   82.10
   357   23.61   73.27
   358   22.69   65.10
   359   23.06   67.74
   360   19.33   57.09
   361   25.48   85.57
   362   21.93   75.10
   363   22.63   68.77
   364   23.13   69.59
   365   21.51   63.58
   366   24.52   89.36
   367   21.20   71.69
   368   23.96   83.64
   369   21.27   60.20
   370   21.68   74.52
   371   22.53   79.29
   372   25.11   80.61
   373   20.39   63.94
   374   22.63   74.18
   375   25.40   94.52
   376   24.97   79.79
   377   21.87   84.99
   378   22.05   67.86
   379   24.37   80.99
   380   21.32   68.81
   381   22.97   73.90
   382   21.84   66.96
   383   19.86   68.60
   384   23.29   77.94
   385   21.97   70.57
   386   26.50   88.53
   387   26.98   84.08
   388   19.56   67.73
   389   22.55   75.41
   390   18.83   59.48
   391   22.32   71.82
   392   28.82   97.19
   393   28.57   87.10
   394   21.21   63.41
   395   30.83   98.11
   396   21.22   70.34
   397   19.59   66.64
   398   22.75   72.49
   399   27.48   85.06
   400   18.68   57.51
   401   21.03   67.83
   402   21.84   70.90
   403   24.50   77.31
   404   25.09   81.09
   405   21.42   74.54
   406   21.87   65.85
   407   24.77   82.89
   408   23.78   85.37
   409   29.35   98.54
   410   22.92   72.62
   411   24.24   73.72
   412   22.61   71.48
   413   22.14   69.93
   414   27.34   84.71
   415   21.99   82.32
   416   23.78   80.08
   417   24.35   73.37
   418   23.50   74.31
   419   25.86   78.09
   420   20.78   61.13
   421   26.90   93.74
   422   25.63   87.45
   423   18.32   56.89
   424   23.66   74.50
   425   25.49   87.22
   426   25.29   79.09
   427   23.73   79.26
   428   24.87   71.99
   429   20.63   63.18
   430   23.18   77.90
   431   19.13   57.24
   432   20.14   68.15
   433   27.04   85.65
   434   23.74   79.85
   435   21.82   68.66
   436   23.75   81.71
   437   23.76   81.83
   438   22.68   65.79
   439   18.77   59.47
   440   29.30   90.84
   441   23.93   77.08
   442   21.63   72.12
   443   21.11   74.27
   444   25.09   81.38
   445   21.04   66.23
   446   24.46   83.21
   447   24.09   84.18
   448   31.73  104.60
   449   19.57   60.33
   450   27.04   83.13
   451   26.80   83.15
   452   21.63   64.18
   453   24.41   72.75
   454   22.63   69.44
   455   24.36   85.95
   456   21.26   62.76
   457   18.95   54.53
   458   20.35   65.49
   459   21.02   58.74
   460   28.23   88.85
   461   24.83   80.71
   462   22.08   82.11
   463   23.41   83.00
   464   31.85  100.80
   465   30.76   95.42
   466   24.32   81.64
   467   29.37   99.65
   468   20.93   73.65
   469   29.76   86.39
   470   24.24   73.00
   471   20.65   67.41
   472   21.08   65.28
   473   22.38   72.85
   474   18.80   56.15
   475   20.36   66.85
   476   18.29   55.92
   477   26.98   99.80
   478   28.32   98.86
   479   26.26   84.75
   480   24.97   78.96
   481   26.90   92.27
   482   29.42   90.45
   483   28.71  100.60
   484   21.24   72.58
   485   23.15   74.27
   486   23.95   78.77
   487   21.68   68.60
   488   25.97   87.67
   489   24.92   94.41
   490   21.21   65.84
   491   23.68   66.86
   492   21.71   65.33
   493   18.81   57.33
   494   24.96   79.04
   495   22.25   65.35
   496   20.61   60.24
   497   20.43   64.33
   498   26.92   89.64
   499   23.14   76.04
   500   29.34  101.20
   501   24.07   80.84
   502   18.27   56.00
   503   25.76   89.46
   504   26.60   76.03
   505   23.94   84.49
   506   22.01   74.40
   507   23.86   74.06
   508   20.82   64.06
   509   21.97   73.59
   510   22.69   70.75
   511   21.06   66.13
   512   30.55  101.50
   513   22.08   74.91
   514   25.23   89.10
   515   22.80   67.56
   516   27.83   85.47
   517   22.26   68.90
   518   26.44   92.47
   519   23.89   72.31
   520   26.08   95.03
   521   31.99  110.10
   522   23.25   76.39
   523   23.26   67.39
   524   25.22   80.39
   525   25.60   75.91
   526   23.16   77.15
   527   20.76   64.22
   528   21.58   66.45
   529   19.36   56.71
   530   24.31   85.72
   531   27.62   97.52
   532   21.84   63.82
   533   24.05   85.62
   534   21.80   64.75
   535   19.94   66.90
   536   25.79   77.34
   537   23.87   80.86
   538   24.12   69.89
   539   22.57   83.24
   540   18.33   52.90
   541   20.95   67.49
   542   21.14   73.92
   543   28.39   91.29
   544   33.89  117.50
   545   22.48   70.47
   546   28.64   92.24
   547   20.25   66.37
   548   26.05   72.23
   549   24.15   72.90
   550   18.26   54.00
   551   20.96   64.26
   552   22.02   69.38
   553   21.38   63.92
   554   22.24   71.38
   555   28.31   85.27
   556   23.64   73.62
   557   24.01   80.68
   558   22.61   75.12
   559   23.26   67.74
   560   22.30   70.38
   561   19.13   57.89
   562   25.44   85.01
   563   25.67   90.37
   564   21.36   66.66
   565   23.06   79.71
   566   24.63   77.96
   567   25.93   77.60
   568   19.99   59.41
   569   28.25   98.26
   570   30.38   95.58
   571   26.71   87.42
   572   20.22   56.33
   573   25.36   82.82
   574   20.14   64.31
   575   23.68   65.67
   576   28.68   97.19
   577   26.72   92.63
   578   21.83   65.06
   579   23.43   81.03
   580   21.26   61.30
   581   23.57   71.50
   582   25.01   77.73
   583   26.43   82.39
   584   22.18   67.23
   585   25.73   83.87
   586   21.44   58.79
   587   24.67   89.78
   588   21.22   68.87
   589   25.06   72.64
   590   28.39   84.04
   591   23.81   71.79
   592   27.32   89.25
   593   22.39   76.50
   594   22.86   74.68
   595   24.28   81.28
   596   22.27   67.90
   597   28.33   93.38
   598   24.80   81.73
   599   24.01   74.69
   600   26.22   86.04
   601   20.91   61.43
   602   21.39   73.46
   603   22.92   76.12
   604   26.33   80.70
   605   22.05   70.70
   606   22.50   65.82
   607   18.86   56.82
   608   23.03   74.67
   609   19.62   60.02
   610   25.23   79.91
   611   25.13   84.92
   612   20.58   58.92
   613   19.53   55.76
   614   22.72   77.14
   615   21.63   69.92
   616   19.77   58.82
   617   22.59   79.04
   618   23.02   84.30
   619   26.03   89.91
   620   23.10   71.99
   621   24.92   83.80
   622   22.51   65.12
   623   21.14   60.30
   624   19.74   57.78
   625   23.79   74.47
   626   24.24   85.48
   627   26.37   80.59
   628   25.03   84.62
   629   20.54   65.29
   630   26.98   91.85
   631   24.42   85.61
   632   27.35   90.81
   633   21.62   68.55
   634   28.94   95.72
   635   27.97   96.72
   636   19.65   67.79
   637   19.32   56.00
   638   22.73   73.56
   639   20.69   67.22
   640   24.48   71.80
   641   21.76   75.08
   642   22.34   73.05
   643   21.28   61.71
   644   23.00   72.74
   645   21.71   73.11
   646   29.41   99.06
   647   25.81   76.10
   648   20.75   68.43
   649   22.10   68.47
   650   21.24   71.47
   651   29.32   94.71
   652   21.12   65.09
   653   21.44   65.19
   654   21.55   68.73
   655   18.96   54.60
   656   29.71   86.46
   657   23.10   75.07
   658   23.52   74.20
   659   22.78   77.41
   660   26.76   89.69
   661   25.62   80.32
   662   23.09   75.90
   663   25.39   83.12
   664   25.45   84.22
   665   25.72   93.66
   666   23.00   63.49
   667   19.53   62.65
   668   22.54   75.39
   669   23.16   77.70
   670   21.77   64.98
   671   22.41   77.09
   672   21.31   74.52
   673   19.71   61.75
   674   22.59   66.30
   675   27.45   86.85
   676   24.37   80.28
   677   25.99   82.58
   678   24.79   77.66
   679   26.95   90.86
   680   19.92   59.90
   681   26.98   84.99
   682   22.34   67.21
   683   21.14   64.06
   684   22.74   69.16
   685   21.72   80.45
   686   27.27   84.15
   687   18.18   53.23
   688   26.11   81.35
   689   22.20   67.83
   690   28.87   95.99
   691   23.21   84.13
   692   21.36   60.47
   693   28.30   86.92
   694   24.35   80.23
   695   21.82   71.72
   696   27.17   89.57
   697   24.03   80.07
   698   25.53   78.89
   699   25.65   91.70
   700   25.95   82.35
   701   26.37   78.99
   702   28.46   98.15
   703   26.82   89.97
   704   25.55   79.12
   705   28.09   92.98
   706   23.15   68.22
   707   22.02   73.01
   708   25.13   75.66
   709   21.36   64.86
   710   18.51   60.95
   711   19.11   59.72
   712   20.73   64.77
   713   29.25   96.52
   714   26.51   79.19
   715   21.51   66.88
   716   26.92   82.58
   717   25.60   79.50
   718   26.20   86.66
   719   23.05   73.08
   720   28.60   91.84
   721   25.79   84.19
   722   22.06   67.80
   723   23.17   71.58
   724   22.25   71.23
   725   24.96   95.04
   726   24.10   86.49
   727   20.87   71.83
   728   25.70   78.33
   729   18.22   52.57
   730   24.41   74.32
   731   22.99   76.51
   732   27.17   89.86
   733   27.59   89.58
   734   22.59   71.19
   735   22.29   71.83
   736   22.48   72.32
   737   24.16   76.17
   738   24.07   80.46
   739   22.21   65.28
   740   29.40   91.56
   741   24.51   75.40
   742   27.32   92.02
   743   23.02   74.26
   744   27.47   93.48
   745   21.02   71.56
   746   22.91   72.20
   747   26.37   81.21
   748   25.09   92.48
   749   26.88   86.84
   750   25.90   86.23
   751   22.82   66.09
   752   20.02   59.10
   753   21.12   68.81
   754   19.99   62.20
   755   24.96   83.32
   756   18.92   57.52
   757   29.43   93.08
   758   20.32   59.00
   759   25.21   86.23
   760   21.16   62.25
   761   23.71   79.16
   762   24.49   78.28
   763   21.20   65.30
   764   28.61   91.93
   765   27.25   92.96
   766   20.99   66.57
   767   21.71   69.72
   768   20.19   61.16
   769   22.15   75.63
   770   26.09   88.66
   771   28.08   90.50
   772   24.16   78.94
   773   23.09   78.41
   774   24.37   82.83
   775   28.27   84.21
   776   23.83   76.51
   777   24.23   82.90
   778   26.75   89.51
   779   21.05   59.43
   780   20.51   59.50
   781   21.27   62.96
   782   26.59   96.55
   783   23.65   81.99
   784   24.02   78.44
   785   25.97   82.43
   786   20.98   65.96
   787   22.36   65.06
   788   24.77   75.61
   789   29.36   94.96
   790   22.30   66.81
   791   25.74   83.79
   792   23.23   68.29
   793   24.24   75.76
   794   20.58   58.53
   795   19.86   60.66
   796   23.69   78.13
   797   25.44   75.85
   798   25.97   77.84
   799   24.06   75.64
   800   22.30   75.17
   801   21.12   67.69
   802   27.21   92.77
   803   25.70   91.81
   804   28.78  106.80
   805   24.98   85.65
   806   23.45   74.03
   807   29.20   97.28
   808   22.83   78.18
   809   23.92   84.47
   810   20.13   57.44
   811   22.90   66.53
   812   25.50   81.70
   813   24.50   69.85
   814   32.08  106.80
   815   26.33   98.68
   816   24.86   76.71
   817   22.46   67.21
   818   27.50   97.26
   819   20.61   62.49
   820   19.27   59.40
   821   24.56   81.84
   822   26.18   87.34
   823   24.46   79.19
   824   22.16   68.71
   825   20.86   67.04
   826   23.09   69.14
   827   31.10  101.30
   828   24.46   77.67
   829   22.56   64.69
   830   23.27   75.49
   831   23.96   73.34
   832   20.42   61.51
   833   21.92   73.62
   834   18.83   53.71
   835   22.00   65.80
   836   25.45   70.11
   837   21.52   69.56
   838   20.01   69.92
   839   24.57   77.27
   840   21.59   67.48
   841   24.26   76.53
   842   26.26   82.49
   843   22.20   70.47
   844   27.94   98.62
   845   22.46   68.08
   846   25.81   85.88
   847   26.78   85.00
   848   19.02   59.39
   849   32.36  108.80
   850   23.71   85.40
   851   22.96   65.03
   852   28.10   97.33
   853   23.51   78.97
   854   24.11   74.34
   855   21.88   62.24
   856   23.28   71.88
   857   20.00   64.09
   858   26.78   90.93
   859   20.50   64.03
   860   20.87   62.52
   861   24.72   74.94
   862   26.08   79.93
   863   20.10   56.67
   864   18.62   55.37
   865   26.07   84.26
   866   21.46   65.53
   867   23.18   74.23
   868   25.40   81.57
   869   27.17   89.38
   870   24.15   78.12
   871   25.98   91.07
   872   22.92   68.00
   873   22.62   73.26
   874   20.56   62.71
   875   24.03   72.17
   876   23.63   81.38
   877   22.78   74.96
   878   20.39   65.22
   879   25.25   79.59
   880   21.48   68.06
   881   25.69   83.46
   882   27.30   93.03
   883   21.80   69.50
   884   28.07   94.47
   885   23.39   75.51
   886   25.75   72.89
   887   24.82   78.20
   888   22.25   72.76
   889   26.49   98.52
   890   20.70   68.07
   891   19.63   62.10
   892   29.38  102.00
   893   23.48   72.29
   894   20.31   59.00
   895   22.58   78.34
   896   24.60   73.63
   897   24.85   75.68
   898   20.56   59.30
   899   18.72   54.54
   900   20.44   64.35
   901   27.96   84.05
   902   23.72   77.23
   903   23.97   77.95
   904   23.08   66.56
   905   21.89   70.39
   906   20.64   66.73
   907   25.75   78.98
   908   30.23   96.01
   909   21.19   68.44
   910   21.93   65.74
   911   22.06   70.87
   912   22.59   74.21
   913   24.18   83.82
   914   22.38   72.23
   915   21.88   67.29
   916   22.56   70.18
   917   22.81   70.60
   918   20.64   64.61
   919   22.49   64.86
   920   23.13   73.19
   921   26.72   84.55
   922   25.60   87.94
   923   20.95   68.77
   924   25.18   92.57
   925   22.29   69.45
   926   28.76   98.22
   927   23.32   69.48
   928   22.73   75.60
   929   22.62   67.27
   930   21.70   70.97
   931   21.49   65.03
   932   25.62   90.97
   933   24.46   78.01
   934   22.67   77.63
   935   24.25   83.74
   936   23.42   74.53
   937   23.66   70.47
   938   21.93   68.20
   939   28.81   87.96
   940   24.64   77.65
   941   26.28   85.39
   942   22.91   73.52
   943   24.69   67.85
   944   25.17   79.37
   945   24.16   85.25
   946   25.09   77.69
   947   20.38   61.52
   948   18.87   63.25
   949   26.30   85.98
   950   19.31   58.73
   951   26.16   86.62
   952   25.96   85.44
   953   22.75   71.75
   954   22.22   71.48
   955   22.42   71.20
   956   29.72  102.00
   957   24.00   79.66
   958   25.99   96.31
   959   19.55   58.81
   960   24.06   70.86
   961   18.45   62.78
   962   21.98   75.04
   963   22.00   76.79
   964   23.46   72.65
   965   22.35   68.25
   966   20.39   62.03
   967   26.29   88.07
   968   29.55   90.86
   969   22.92   72.90
   970   21.70   63.08
   971   24.91   75.76
   972   23.98   85.01
   973   23.41   77.65
   974   23.34   77.68
   975   25.98   78.84
   976   22.44   76.59
   977   21.80   68.64
   978   21.41   71.44
   979   28.44   88.49
   980   23.19   73.38
   981   24.99   75.91
   982   20.96   69.11
   983   28.16   91.97
   984   20.40   66.91
   985   22.67   66.06
   986   25.67   75.79
   987   20.88   66.07
   988   30.11  102.60
   989   23.64   73.95
   990   21.92   60.55
   991   23.67   82.91
   992   23.13   73.85
   993   24.85   96.31
   994   21.91   71.98
   995   24.64   83.94
   996   25.30   74.91
   997   22.77   78.67
   998   23.99   74.73
   999   22.32   72.94
  1000   23.13   66.71
  1001   20.71   57.96
  1002   21.12   65.89
  1003   24.77   86.10
  1004   23.37   77.64
  1005   28.20   92.50
  1006   21.12   69.98
  1007   20.43   59.98
  1008   27.12   89.10
  1009   21.45   69.32
  1010   23.61   79.31
  1011   22.96   77.04
  1012   24.67   78.57
  1013   22.25   71.16
  1014   21.32   65.26
  1015   23.08   76.55
  1016   23.31   71.16
  1017   28.55  101.80
  1018   22.75   68.56
  1019   21.08   59.47
  1020   23.54   74.97
  1021   24.68   91.17
  1022   19.70   66.10
  1023   21.68   67.06
  1024   21.58   63.18
  1025   18.86   67.85
  1026   24.78   76.53
  1027   22.37   72.77
  1028   28.44   89.25
  1029   22.95   73.43
  1030   23.01   81.01
  1031   23.35   73.07
  1032   20.09   60.03
  1033   21.09   63.64
  1034   20.51   61.98
  1035   34.66  111.70
  1036   26.45   81.94
  1037   22.89   71.80
  1038   23.01   71.10
  1039   20.92   57.47
  1040   23.53   77.58
  1041   24.11   81.57
  1042   32.70  104.00
  1043   25.31   86.01
  1044   21.20   68.64
  1045   30.04   95.44
  1046   25.94   77.39
  1047   19.56   60.82
  1048   25.00   78.68
  1049   25.30   80.42
  1050   28.05   83.55
  1051   36.14  128.30
  1052   22.55   69.00
  1053   26.70   86.08
  1054   17.97   55.61
  1055   20.06   65.19
  1056   26.71   89.06
  1057   23.95   76.49
  1058   29.21   99.55
  1059   22.11   71.52
  1060   22.36   68.77
  1061   22.71   73.52
  1062   20.70   60.77
  1063   21.34   61.60
  1064   25.10   86.94
  1065   23.77   82.75
  1066   22.45   65.95
  1067   29.62   99.05
  1068   28.24   91.74
  1069   25.93   96.38
  1070   20.24   58.30
  1071   21.15   63.32
  1072   27.08   89.17
  1073   21.36   66.14
  1074   25.19   80.79
  1075   22.91   65.70
  1076   28.04  100.00
  1077   26.20   86.13
  1078   29.39   98.30
  1079   23.60   81.00
  1080   26.25   84.95
  1081   21.67   61.34
  1082   21.82   73.58
  1083   28.04   86.48
  1084   23.43   77.93
  1085   22.59   77.96
  1086   23.38   71.72
  1087   22.23   70.74
  1088   18.36   53.36
  1089   20.50   69.57
  1090   19.02   67.49
  1091   21.53   73.09
  1092   22.67   67.20
  1093   22.44   84.40
  1094   22.18   63.12
  1095   19.29   60.15
  1096   23.08   79.01
  1097   21.53   69.42
  1098   25.07   81.50
  1099   22.00   74.06
  1100   22.99   78.28
  1101   26.43   89.09
  1102   26.15   88.30
  1103   25.77   89.28
  1104   22.44   77.70
  1105   36.99  127.00
  1106   23.63   76.97
  1107   20.64   72.88
  1108   20.96   70.70
  1109   24.38   84.30
  1110   24.31   72.61
  1111   28.60   92.84
  1112   21.61   62.73
  1113   20.13   62.30
  1114   24.59   74.64
  1115   27.73   83.56
  1116   22.57   77.61
  1117   24.16   75.22
  1118   20.58   64.05
  1119   22.30   73.25
  1120   24.84   79.33
  1121   26.74   89.33
  1122   24.60   78.28
  1123   23.03   74.15
  1124   26.86   84.48
  1125   27.34   92.96
  1126   24.77   76.78
  1127   25.15   75.77
  1128   27.10   84.57
  1129   18.91   57.90
  1130   24.82   71.67
  1131   23.30   75.40
  1132   24.65   83.87
  1133   23.61   75.51
  1134   23.07   73.68
  1135   25.27   90.97
  1136   21.67   64.14
  1137   20.65   63.66
  1138   23.06   81.52
  1139   22.14   78.76
  1140   22.85   77.15
  1141   26.75   85.63
  1142   26.76   92.10
  1143   19.81   62.31
  1144   22.55   73.26
  1145   27.52   99.84
  1146   19.88   61.71
  1147   28.05   87.96
  1148   22.31   71.44
  1149   21.61   69.23
  1150   26.95   79.64
  1151   19.51   59.97
  1152   21.74   72.61
  1153   21.63   74.22
  1154   19.48   55.04
  1155   23.71   72.33
  1156   20.87   72.16
  1157   22.08   73.54
  1158   24.12   78.23
  1159   22.48   75.81
  1160   27.84   89.19
  1161   25.62   72.70
  1162   20.25   63.55
  1163   26.17   93.24
  1164   23.98   73.34
  1165   25.49   78.08
  1166   19.39   60.67
  1167   24.78   74.84
  1168   23.18   72.44
  1169   23.05   81.81
  1170   24.90   88.86
  1171   23.66   75.82
  1172   22.81   72.29
  1173   18.90   56.47
  1174   22.10   70.57
  1175   25.65   76.14
  1176   23.38   79.08
  1177   20.85   65.85
  1178   22.87   68.83
  1179   25.14   79.11
  1180   23.31   68.43
  1181   22.09   69.63
  1182   24.57   77.08
  1183   27.27   83.69
  1184   25.95   88.91
  1185   24.05   74.52
  1186   22.79   67.70
  1187   24.60   77.30
  1188   22.12   78.20
  1189   22.05   65.36
  1190   23.76   80.47
  1191   25.85   81.55
  1192   23.44   71.85
  1193   20.94   67.32
  1194   22.60   87.71
  1195   24.08   82.27
  1196   23.01   79.87
  1197   18.48   55.59
  1198   26.61   79.54
  1199   29.09   82.05
  1200   23.65   70.97
  1201   28.51   92.79
  1202   23.58   79.50
  1203   18.67   53.20
  1204   28.02   91.16
  1205   28.02  104.00
  1206   24.19   76.22
  1207   23.64   72.91
  1208   21.30   73.38
  1209   26.47   86.41
  1210   26.11   84.26
  1211   24.03   71.85
  1212   20.77   72.41
  1213   22.91   70.87
  1214   25.97   84.66
  1215   21.52   59.93
  1216   19.16   57.33
  1217   22.67   78.50
  1218   18.96   64.27
  1219   21.89   68.54
  1220   23.07   71.30
  1221   23.47   83.49
  1222   23.53   78.86
  1223   24.34   74.64
  1224   23.77   66.23
  1225   26.01   81.50
  1226   26.77   85.84
  1227   24.83   79.19
  1228   21.30   63.57
  1229   22.10   66.94
  1230   23.15   79.58
  1231   25.63   83.23
  1232   21.44   62.32
  1233   20.59   62.04
  1234   21.74   73.54
  1235   29.24   97.48
  1236   20.85   67.96
  1237   24.13   76.62
  1238   21.75   66.08
  1239   20.22   70.44
  1240   22.45   75.49
  1241   20.07   66.57
  1242   21.88   70.52
  1243   26.53   82.01
  1244   20.48   63.50
  1245   27.12   90.12
  1246   25.64   91.19
  1247   21.19   61.47
  1248   24.71   82.64
  1249   31.12   96.61
  1250   22.89   68.14
  1251   22.11   67.98
  1252   25.67   85.21
  1253   23.88   78.24
  1254   22.51   73.56
  1255   22.17   71.67
  1256   21.39   66.06
  1257   23.05   66.93
  1258   21.80   65.85
  1259   24.16   76.38
  1260   25.95   86.33
  1261   23.44   76.85
  1262   21.83   63.62
  1263   21.96   64.32
  1264   25.22   88.53
  1265   20.94   64.39
  1266   21.88   66.68
  1267   21.41   62.55
  1268   23.60   75.53
  1269   25.01   78.43
  1270   24.02   78.98
  1271   28.56   83.50
  1272   25.67   81.27
  1273   25.98   81.40
  1274   23.22   65.28
  1275   22.64   69.94
  1276   25.62   89.96
  1277   19.71   57.03
  1278   28.97   89.62
  1279   21.96   64.61
  1280   24.03   81.15
  1281   28.05   89.45
  1282   19.43   57.27
  1283   22.69   73.21
  1284   20.50   61.79
  1285   25.14   69.68
  1286   24.01   71.89
  1287   22.57   82.09
  1288   23.08   72.65
  1289   25.70   80.16
  1290   20.72   62.93
  1291   21.96   66.47
  1292   27.44   91.68
  1293   27.68   93.42
  1294   26.22   83.15
  1295   24.86   81.53
  1296   20.45   66.37
  1297   26.30   78.74
  1298   31.72   98.26
  1299   19.06   54.49
  1300   24.60   74.90
  1301   24.67   78.27
  1302   23.67   74.22
  1303   25.16   81.87
  1304   24.24   79.14
  1305   21.68   71.52
  1306   23.00   72.95
  1307   26.44   79.75
  1308   26.39   86.06
  1309   27.29   85.40
  1310   22.33   70.73
  1311   24.69   86.91
  1312   21.33   61.33
  1313   25.01   80.78
  1314   23.51   71.53
  1315   26.71   93.83
  1316   21.00   65.11
  1317   23.53   75.19
  1318   24.32   77.25
  1319   19.17   55.36
  1320   22.15   69.45
  1321   18.91   61.01
  1322   23.37   69.39
  1323   29.68   96.99
  1324   22.11   68.39
  1325   24.10   83.16
  1326   20.08   60.71
  1327   24.48   82.31
  1328   27.13   87.86
  1329   21.31   70.36
  1330   20.77   67.55
  1331   24.84   86.22
  1332   25.14   93.13
  1333   27.78   86.95
  1334   21.29   63.11
  1335   21.81   61.61
  1336   21.22   65.30
  1337   18.31   53.90
  1338   22.09   71.54
  1339   25.52   85.32
  1340   17.54   55.76
  1341   25.34   79.25
  1342   27.51   83.48
  1343   25.72   79.81
  1344   27.58   86.35
  1345   30.24   96.39
  1346   23.22   69.37
  1347   22.54   73.49
  1348   24.39   81.70
  1349   21.60   63.65
  1350   27.27   95.82
  1351   19.93   59.18
  1352   19.50   58.51
  1353   26.28   82.63
  1354   24.03   74.88
  1355   26.42   88.80
  1356   24.54   77.17
  1357   22.87   67.41
  1358   20.19   62.34
  1359   22.70   70.24
  1360   22.85   83.27
  1361   21.72   59.40
  1362   19.59   61.32
  1363   25.01   71.55
  1364   23.56   89.93
  1365   24.61   80.51
  1366   21.72   69.61
  1367   20.70   67.54
  1368   22.71   70.78
  1369   19.52   60.46
  1370   19.94   56.80
  1371   25.95   75.85
  1372   27.21   84.58
  1373   19.60   56.32
  1374   21.51   74.72
  1375   20.04   58.08
  1376   19.58   57.85
  1377   26.82   90.02
  1378   21.73   74.20
  1379   21.87   70.97
  1380   24.90   81.30
  1381   23.67   70.08
  1382   28.07   89.32
  1383   24.54   77.52
  1384   20.37   59.87
  1385   28.55   91.70
  1386   26.16   84.59
  1387   27.09   81.00
  1388   21.20   68.71
  1389   23.63   80.98
  1390   20.44   65.26
  1391   25.92   78.91
  1392   23.39   76.10
  1393   26.49   84.57
  1394   25.37   92.23
  1395   26.58   94.80
  1396   23.69   74.97
  1397   22.47   74.79
  1398   25.18   79.57
  1399   23.20   73.75
  1400   26.10   81.51
  1401   23.24   83.50
  1402   22.52   81.39
  1403   22.65   76.81
  1404   23.27   76.99
  1405   28.94   90.51
  1406   22.39   65.65
  1407   22.09   71.62
  1408   30.80  106.20
  1409   22.81   72.35
  1410   22.33   67.18
  1411   27.25   91.87
  1412   21.19   66.99
  1413   21.08   66.17
  1414   23.31   72.95
  1415   19.90   64.58
  1416   20.42   63.38
  1417   28.01   92.12
  1418   22.43   72.08
  1419   24.07   70.12
  1420   23.63   74.83
  1421   27.66   84.82
  1422   23.31   78.73
  1423   24.39   76.85
  1424   21.65   72.62
  1425   22.33   73.83
  1426   25.81   83.64
  1427   23.71   72.13
  1428   21.76   66.12
  1429   25.30   96.56
  1430   22.61   71.46
  1431   23.16   70.17
  1432   28.32   93.00
  1433   20.99   62.63
  1434   20.56   63.13
  1435   31.17   97.53
  1436   17.88   53.85
  1437   25.19   81.66
  1438   24.93   84.82
  1439   25.72   79.83
  1440   23.64   75.97
  1441   25.10   88.97
  1442   22.68   71.21
  1443   26.59   89.70
  1444   24.43   80.07
  1445   24.11   73.19
  1446   27.24   95.68
  1447   21.17   59.25
  1448   19.62   60.63
  1449   19.28   56.20
  1450   25.07   80.86
  1451   21.39   68.46
  1452   27.57   87.29
  1453   27.36   90.12
  1454   21.41   65.95
  1455   19.25   55.98
  1456   20.88   67.01
  1457   21.36   68.33
  1458   25.06   77.08
  1459   28.67   95.63
  1460   27.20   80.24
  1461   31.18  106.50
  1462   19.76   59.58
  1463   22.41   67.18
  1464   25.26   76.49
  1465   20.55   66.57
  1466   21.88   62.50
  1467   24.51   69.85
  1468   25.80   83.39
  1469   24.83   75.28
  1470   19.45   58.92
  1471   32.43  109.50
  1472   20.31   63.43
  1473   25.55   89.11
  1474   23.66   75.25
  1475   25.51   75.74
  1476   24.90   82.13
  1477   21.54   69.77
  1478   22.79   81.76
  1479   27.78   88.55
  1480   18.95   57.39
  1481   26.16   86.30
  1482   24.07   81.71
  1483   25.88   87.78
  1484   27.05   88.34
  1485   25.82   75.67
  1486   24.91   87.34
  1487   20.47   59.51
  1488   22.48   75.84
  1489   25.64   81.00
  1490   22.95   68.90
  1491   22.72   82.50
  1492   23.07   78.01
  1493   20.35   71.48
  1494   26.98   92.24
  1495   22.49   81.49
  1496   23.52   81.24
  1497   25.17   85.20
  1498   25.96   81.85
  1499   22.94   67.00
  1500   27.04   87.64
  1501   22.76   73.43
  1502   20.71   61.09
  1503   19.92   62.87
  1504   23.61   81.12
  1505   21.58   70.07
  1506   22.03   66.87
  1507   26.15   88.27
  1508   22.91   76.56
  1509   23.28   75.91
  1510   21.58   66.45
  1511   20.56   62.60
  1512   25.46   75.51
  1513   22.65   73.67
  1514   21.50   65.13
  1515   21.33   66.14
  1516   23.27   84.35
  1517   21.41   70.64
  1518   21.15   66.37
  1519   17.73   51.22
  1520   30.98  104.90
  1521   24.87   80.60
  1522   22.78   68.64
  1523   25.46   82.63
  1524   26.32   88.84
  1525   23.98   78.35
  1526   24.84   83.46
  1527   20.67   58.99
  1528   25.06   79.45
  1529   27.52   93.87
  1530   28.51   88.70
  1531   24.26   73.94
  1532   22.19   67.45
  1533   24.88   81.25
  1534   24.69   76.90
  1535   19.08   61.47
  1536   21.54   72.62
  1537   20.83   65.24
  1538   21.47   71.61
  1539   24.08   82.13
  1540   23.87   71.57
  1541   25.87   86.32
  1542   24.31   79.21
  1543   20.25   57.96
  1544   24.60   88.76
  1545   28.46   88.94
  1546   22.51   65.28
  1547   21.79   65.78
  1548   25.94   89.25
  1549   24.09   85.33
  1550   22.73   70.94
  1551   26.59   72.11
  1552   22.43   68.10
  1553   30.22   99.58
  1554   22.56   68.07
  1555   23.07   70.33
  1556   23.98   84.50
  1557   24.29   91.59
  1558   22.52   68.37
  1559   23.68   74.99
  1560   23.12   67.62
  1561   20.13   59.44
  1562   21.16   68.13
  1563   29.93  109.10
  1564   23.01   74.35
  1565   30.98   92.44
  1566   22.00   70.41
  1567   20.13   66.78
  1568   21.11   65.51
  1569   17.30   50.09
  1570   23.84   76.44
  1571   19.57   59.07
  1572   22.25   78.57
  1573   24.24   87.51
  1574   23.46   74.53
  1575   30.72  103.50
  1576   25.30   80.39
  1577   22.89   71.74
  1578   22.79   74.11
  1579   25.21   91.12
  1580   22.03   68.20
  1581   25.48   80.50
  1582   27.79   86.90
  1583   22.84   62.92
  1584   29.00   94.77
  1585   25.32   70.76
  1586   23.51   71.56
  1587   22.78   69.74
  1588   26.33   88.77
  1589   23.88   81.06
  1590   21.10   60.30
  1591   18.95   58.24
  1592   31.06   98.27
  1593   23.84   71.90
  1594   29.05   95.54
  1595   21.45   67.28
  1596   23.40   72.39
  1597   20.26   55.95
  1598   27.97   89.46
  1599   21.49   67.68
  1600   28.01   84.84
  1601   27.55   90.42
  1602   21.33   73.55
  1603   28.28   83.91
  1604   22.35   68.61
  1605   26.93   85.37
  1606   29.16   96.01
  1607   22.89   72.49
  1608   24.88   79.14
  1609   25.13   85.39
  1610   21.21   70.87
  1611   22.63   71.53
  1612   28.99   83.51
  1613   27.81   87.81
  1614   20.16   59.55
  1615   23.37   72.13
  1616   25.85   81.41
  1617   22.74   78.86
  1618   22.94   73.94
  1619   20.26   60.32
  1620   27.48   90.47
  1621   21.86   70.42
  1622   20.10   66.55
  1623   20.05   59.22
  1624   21.14   72.30
  1625   23.30   78.59
  1626   23.22   70.30
  1627   20.24   62.03
  1628   25.31   73.21
  1629   27.33   86.98
  1630   25.09   84.00
  1631   19.47   62.29
  1632   22.17   76.02
  1633   25.59   80.41
  1634   20.54   61.75
  1635   29.71   97.89
  1636   25.18   82.22
  1637   24.56   79.63
  1638   22.20   66.05
  1639   22.33   66.25
  1640   23.05   75.65
  1641   25.28   87.43
  1642   20.70   59.88
  1643   25.45   86.66
  1644   21.74   64.46
  1645   20.68   69.74
  1646   24.32   73.48
  1647   20.06   56.71
  1648   25.84   82.36
  1649   24.85   80.36
  1650   19.47   61.24
  1651   26.18   88.76
  1652   23.28   68.80
  1653   25.46   89.87
  1654   24.48   76.46
  1655   22.98   78.18
  1656   26.72   88.76
  1657   27.74   87.71
  1658   23.82   72.11
  1659   23.60   75.54
  1660   17.91   52.46
  1661   20.96   77.30
  1662   28.99   94.68
  1663   17.40   50.23
  1664   22.58   66.45
  1665   23.58   76.50
  1666   23.86   71.79
  1667   25.65   87.53
  1668   18.84   54.91
  1669   23.63   74.25
  1670   22.52   67.16
  1671   25.41   87.15
  1672   20.05   62.79
  1673   21.03   64.88
  1674   27.97   88.97
  1675   24.94   82.97
  1676   24.80   69.34
  1677   22.01   67.64
  1678   28.01   86.56
  1679   25.90   80.91
  1680   23.58   73.17
  1681   21.82   66.98
  1682   20.12   64.84
  1683   23.47   78.71
  1684   20.29   62.75
  1685   21.92   62.86
  1686   23.67   76.78
  1687   23.75   75.66
  1688   26.93   90.19
  1689   23.86   76.60
  1690   32.94  106.20
  1691   21.28   61.23
  1692   20.12   59.04
  1693   22.16   68.41
  1694   24.90   88.02
  1695   26.10   83.35
  1696   20.34   64.72
  1697   21.34   60.98
  1698   27.34   94.13
  1699   23.39   64.18
  1700   24.09   72.79
  1701   26.12   97.28
  1702   22.17   65.64
  1703   26.11   79.17
  1704   17.77   59.53
  1705   27.74   85.45
  1706   21.99   70.13
  1707   25.58   87.46
  1708   24.79   80.20
  1709   25.98   77.46
  1710   21.70   67.16
  1711   25.70   78.66
  1712   22.52   73.86
  1713   23.11   67.44
  1714   19.40   58.32
  1715   26.11   93.08
  1716   23.80   67.41
  1717   24.36   75.67
  1718   27.41   95.35
  1719   19.62   65.98
  1720   25.62   80.56
  1721   22.59   71.17
  1722   22.11   63.52
  1723   24.57   78.87
  1724   22.47   64.20
  1725   20.78   63.26
  1726   26.24   90.75
  1727   23.88   76.29
  1728   19.90   59.85
  1729   23.92   75.33
  1730   23.82   80.76
  1731   21.83   68.27
  1732   24.82   87.25
  1733   24.95   71.71
  1734   20.56   74.10
  1735   22.01   69.35
  1736   23.60   76.54
  1737   22.19   67.93
  1738   25.96   80.72
  1739   21.50   65.06
  1740   23.37   72.52
  1741   22.65   74.97
  1742   19.52   67.32
  1743   25.50   88.00
  1744   22.21   73.09
  1745   22.51   76.17
  1746   19.72   57.88
  1747   20.31   64.79
  1748   21.31   69.61
  1749   23.38   77.48
  1750   23.90   81.33
  1751   19.72   69.86
  1752   21.89   68.15
  1753   29.51   92.57
  1754   25.56   77.07
  1755   21.73   62.36
  1756   22.63   71.97
  1757   21.21   61.86
  1758   19.23   57.00
  1759   21.74   67.09
  1760   20.70   68.50
  1761   21.97   70.98
  1762   27.19   84.31
  1763   23.07   67.13
  1764   23.44   78.66
  1765   25.69   77.23
  1766   27.86   92.84
  1767   24.60   79.97
  1768   19.87   62.74
  1769   24.48   78.55
  1770   19.22   57.04
  1771   24.81   78.03
  1772   24.16   73.74
  1773   21.84   68.67
  1774   23.51   81.17
  1775   25.43   80.79
  1776   23.72   69.41
  1777   28.00   99.98
  1778   26.25   82.64
  1779   23.37   69.56
  1780   25.91   92.05
  1781   23.52   71.84
  1782   23.23   76.95
  1783   25.45   80.84
  1784   27.93   90.44
  1785   22.60   72.69
  1786   20.10   63.08
  1787   27.54   87.33
  1788   22.51   67.67
  1789   21.83   71.04
  1790   22.25   71.47
  1791   25.62   84.96
  1792   25.84   83.01
  1793   23.02   72.91
  1794   22.32   70.55
  1795   23.54   73.32
  1796   26.92   81.07
  1797   21.21   71.24
  1798   21.48   72.17
  1799   21.85   67.79
  1800   23.78   77.15
  1801   28.81   90.19
  1802   23.80   86.33
  1803   23.60   75.44
  1804   23.05   64.18
  1805   24.24   77.87
  1806   22.17   75.62
  1807   24.93   83.24
  1808   22.77   71.65
  1809   23.85   78.33
  1810   26.31   81.76
  1811   25.45   81.51
  1812   27.44   93.27
  1813   23.67   72.23
  1814   19.76   64.21
  1815   23.42   75.72
  1816   23.92   80.52
  1817   23.36   80.62
  1818   19.97   57.04
  1819   24.66   76.46
  1820   28.32   83.43
  1821   23.41   68.24
  1822   23.23   66.05
  1823   19.75   57.86
  1824   20.58   67.34
  1825   26.82   87.27
  1826   23.88   77.15
  1827   26.79   86.74
  1828   19.94   71.91
  1829   28.97   87.50
  1830   25.62   81.04
  1831   27.22   93.76
  1832   22.85   78.06
  1833   20.77   59.59
  1834   20.16   68.30
  1835   20.62   63.90
  1836   19.64   58.66
  1837   21.97   76.21
  1838   19.53   61.23
  1839   24.26   77.36
  1840   25.54   84.21
  1841   22.27   75.78
  1842   25.39   88.55
  1843   26.98   83.77
  1844   22.56   76.13
  1845   19.70   58.04
  1846   27.23   99.85
  1847   26.62   92.81
  1848   22.95   72.32
  1849   23.37   69.75
  1850   27.84   85.38
  1851   23.89   88.08
  1852   27.14   83.16
  1853   22.13   72.55
  1854   19.84   62.90
  1855   19.79   61.41
  1856   25.37   85.63
  1857   24.79   77.43
  1858   26.43   83.51
  1859   20.09   68.10
  1860   20.78   67.46
  1861   24.29   73.06
  1862   29.64  103.60
  1863   22.86   66.86
  1864   20.15   65.53
  1865   28.94   92.42
  1866   25.85   85.49
  1867   21.37   72.20
  1868   22.86   81.02
  1869   25.81   82.80
  1870   24.13   77.64
  1871   27.45   91.87
  1872   26.35   72.40
  1873   20.71   61.66
  1874   24.49   74.77
  1875   30.43   98.85
  1876   23.53   81.41
  1877   21.01   66.88
  1878   23.33   79.74
  1879   25.70   88.79
  1880   23.04   67.23
  1881   24.08   85.58
  1882   23.22   65.52
  1883   22.13   67.76
  1884   23.37   72.11
  1885   24.51   81.32
  1886   21.00   63.28
  1887   22.96   74.59
  1888   20.96   64.58
  1889   27.79   89.83
  1890   26.70   92.56
  1891   26.16   87.41
  1892   19.51   55.89
  1893   22.78   67.91
  1894   22.03   71.77
  1895   23.59   80.10
  1896   22.15   80.59
  1897   22.66   69.49
  1898   25.26   86.53
  1899   24.73   81.83
  1900   22.12   70.51
  1901   26.13   86.83
  1902   22.40   64.62
  1903   23.51   75.24
  1904   25.82   86.51
  1905   31.99  106.60
  1906   19.33   59.32
  1907   25.30   83.37
  1908   22.06   61.95
  1909   21.69   80.57
  1910   23.15   76.21
  1911   27.04   90.77
  1912   24.78   88.61
  1913   22.26   72.65
  1914   23.07   79.94
  1915   20.14   70.21
  1916   20.10   63.75
  1917   29.48   94.15
  1918   27.02   85.75
  1919   25.67   78.37
  1920   22.78   80.82
  1921   23.97   76.36
  1922   22.62   64.94
  1923   24.65   83.55
  1924   22.45   71.44
  1925   25.92   82.24
  1926   25.73   88.89
  1927   25.05   87.25
  1928   25.70   80.08
  1929   30.76  102.80
  1930   22.06   73.68
  1931   23.00   67.43
  1932   19.99   59.68
  1933   28.68   90.65
  1934   26.36   89.17
  1935   28.86   91.29
  1936   23.87   79.33
  1937   26.01   85.78
  1938   24.59   78.50
  1939   22.29   71.76
  1940   21.13   71.23
  1941   24.60   79.77
  1942   19.52   62.02
  1943   24.93   83.53
  1944   24.19   93.09
  1945   24.38   80.37
  1946   28.37   99.68
  1947   17.23   54.54
  1948   25.63   85.16
  1949   29.54   91.94
  1950   19.00   60.07
  1951   17.83   56.00
  1952   25.77   76.40
  1953   18.62   57.85
  1954   22.18   65.62
  1955   25.16   75.40
  1956   21.34   69.98
  1957   25.91   77.90
  1958   26.37   82.67
  1959   23.20   69.57
  1960   26.15   79.57
  1961   23.75   79.67
  1962   25.05   77.72
  1963   19.21   55.75
  1964   24.00   76.39
  1965   26.47   84.73
  1966   23.27   81.08
  1967   23.18   76.41
  1968   30.45  101.60
  1969   25.45   79.58
  1970   29.62   89.06
  1971   22.87   75.04
  1972   22.41   76.45
  1973   29.57   99.18
  1974   23.42   75.60
  1975   25.57   85.96
  1976   23.69   80.93
  1977   20.79   65.56
  1978   24.11   73.39
  1979   29.77   95.66
  1980   18.41   61.19
  1981   21.75   77.58
  1982   25.59   81.86
  1983   29.85   97.01
  1984   21.99   61.77
  1985   21.33   61.52
  1986   24.16   77.12
  1987   21.30   63.39
  1988   23.05   74.99
  1989   26.97   83.66
  1990   30.11   93.39
  1991   20.89   67.02
  1992   20.06   62.87
  1993   25.92   81.18
  1994   25.16   90.88
  1995   25.80   74.23
  1996   22.09   74.58
  1997   23.24   69.86
  1998   26.24   81.31
  1999   19.78   66.22
  2000   26.88   90.56
